-3.379821777343750000e-03 4.702758789062500000e-02 -1.937255859375000000e-01
-2.470016479492187500e-03 4.702758789062500000e-02 -1.937255859375000000e-01
-1.559257507324218750e-03 4.702758789062500000e-02 -1.937255859375000000e-01
-6.499290466308593750e-04 4.702758789062500000e-02 -1.937255859375000000e-01
-5.199432373046875000e-03 4.611206054687500000e-02 -1.937255859375000000e-01
-4.287719726562500000e-03 4.611206054687500000e-02 -1.937255859375000000e-01
-3.379821777343750000e-03 4.611206054687500000e-02 -1.937255859375000000e-01
-2.470016479492187500e-03 4.611206054687500000e-02 -1.937255859375000000e-01
-1.559257507324218750e-03 4.611206054687500000e-02 -1.937255859375000000e-01
-6.499290466308593750e-04 4.611206054687500000e-02 -1.937255859375000000e-01
2.596378326416015625e-04 4.611206054687500000e-02 -1.937255859375000000e-01
1.169204711914062500e-03 4.611206054687500000e-02 -1.937255859375000000e-01
2.079010009765625000e-03 4.611206054687500000e-02 -1.937255859375000000e-01
-7.881164550781250000e-03 4.495239257812500000e-02 -1.927490234375000000e-01
-6.980895996093750000e-03 4.495239257812500000e-02 -1.927490234375000000e-01
-6.076812744140625000e-03 4.495239257812500000e-02 -1.927490234375000000e-01
-5.172729492187500000e-03 4.495239257812500000e-02 -1.927490234375000000e-01
-4.264831542968750000e-03 4.495239257812500000e-02 -1.927490234375000000e-01
-3.379821777343750000e-03 4.519653320312500000e-02 -1.937255859375000000e-01
-2.470016479492187500e-03 4.519653320312500000e-02 -1.937255859375000000e-01
-1.559257507324218750e-03 4.519653320312500000e-02 -1.937255859375000000e-01
-6.499290466308593750e-04 4.519653320312500000e-02 -1.937255859375000000e-01
2.596378326416015625e-04 4.519653320312500000e-02 -1.937255859375000000e-01
1.169204711914062500e-03 4.519653320312500000e-02 -1.937255859375000000e-01
2.079010009765625000e-03 4.519653320312500000e-02 -1.937255859375000000e-01
2.988815307617187500e-03 4.519653320312500000e-02 -1.937255859375000000e-01
3.898620605468750000e-03 4.519653320312500000e-02 -1.937255859375000000e-01
4.806518554687500000e-03 4.519653320312500000e-02 -1.937255859375000000e-01
-8.789062500000000000e-03 4.406738281250000000e-02 -1.927490234375000000e-01
-7.881164550781250000e-03 4.406738281250000000e-02 -1.927490234375000000e-01
-6.980895996093750000e-03 4.406738281250000000e-02 -1.927490234375000000e-01
-6.076812744140625000e-03 4.406738281250000000e-02 -1.927490234375000000e-01
-5.172729492187500000e-03 4.406738281250000000e-02 -1.927490234375000000e-01
-4.264831542968750000e-03 4.406738281250000000e-02 -1.927490234375000000e-01
-3.360748291015625000e-03 4.406738281250000000e-02 -1.927490234375000000e-01
-2.456665039062500000e-03 4.406738281250000000e-02 -1.927490234375000000e-01
-1.551628112792968750e-03 4.406738281250000000e-02 -1.927490234375000000e-01
-6.465911865234375000e-04 4.406738281250000000e-02 -1.927490234375000000e-01
2.582073211669921875e-04 4.406738281250000000e-02 -1.927490234375000000e-01
1.163482666015625000e-03 4.406738281250000000e-02 -1.927490234375000000e-01
2.067565917968750000e-03 4.406738281250000000e-02 -1.927490234375000000e-01
2.973556518554687500e-03 4.406738281250000000e-02 -1.927490234375000000e-01
3.877639770507812500e-03 4.406738281250000000e-02 -1.927490234375000000e-01
4.783630371093750000e-03 4.406738281250000000e-02 -1.927490234375000000e-01
5.687713623046875000e-03 4.406738281250000000e-02 -1.927490234375000000e-01
-1.144409179687500000e-02 4.293823242187500000e-02 -1.916503906250000000e-01
-1.054382324218750000e-02 4.293823242187500000e-02 -1.916503906250000000e-01
-9.643554687500000000e-03 4.293823242187500000e-02 -1.916503906250000000e-01
-8.743286132812500000e-03 4.293823242187500000e-02 -1.916503906250000000e-01
-7.843017578125000000e-03 4.293823242187500000e-02 -1.916503906250000000e-01
-6.980895996093750000e-03 4.315185546875000000e-02 -1.927490234375000000e-01
-6.076812744140625000e-03 4.315185546875000000e-02 -1.927490234375000000e-01
-5.172729492187500000e-03 4.315185546875000000e-02 -1.927490234375000000e-01
-4.264831542968750000e-03 4.315185546875000000e-02 -1.927490234375000000e-01
-3.360748291015625000e-03 4.315185546875000000e-02 -1.927490234375000000e-01
-2.456665039062500000e-03 4.315185546875000000e-02 -1.927490234375000000e-01
-1.551628112792968750e-03 4.315185546875000000e-02 -1.927490234375000000e-01
-6.465911865234375000e-04 4.315185546875000000e-02 -1.927490234375000000e-01
2.582073211669921875e-04 4.315185546875000000e-02 -1.927490234375000000e-01
1.163482666015625000e-03 4.315185546875000000e-02 -1.927490234375000000e-01
2.067565917968750000e-03 4.315185546875000000e-02 -1.927490234375000000e-01
2.973556518554687500e-03 4.315185546875000000e-02 -1.927490234375000000e-01
3.877639770507812500e-03 4.315185546875000000e-02 -1.927490234375000000e-01
4.783630371093750000e-03 4.315185546875000000e-02 -1.927490234375000000e-01
5.687713623046875000e-03 4.315185546875000000e-02 -1.927490234375000000e-01
6.591796875000000000e-03 4.315185546875000000e-02 -1.927490234375000000e-01
-1.234436035156250000e-02 4.202270507812500000e-02 -1.916503906250000000e-01
-1.144409179687500000e-02 4.202270507812500000e-02 -1.916503906250000000e-01
-1.054382324218750000e-02 4.202270507812500000e-02 -1.916503906250000000e-01
-9.643554687500000000e-03 4.202270507812500000e-02 -1.916503906250000000e-01
-8.743286132812500000e-03 4.202270507812500000e-02 -1.916503906250000000e-01
-7.843017578125000000e-03 4.202270507812500000e-02 -1.916503906250000000e-01
-6.946563720703125000e-03 4.202270507812500000e-02 -1.916503906250000000e-01
-6.046295166015625000e-03 4.202270507812500000e-02 -1.916503906250000000e-01
-5.142211914062500000e-03 4.202270507812500000e-02 -1.916503906250000000e-01
-4.241943359375000000e-03 4.202270507812500000e-02 -1.916503906250000000e-01
-3.343582153320312500e-03 4.202270507812500000e-02 -1.916503906250000000e-01
-2.443313598632812500e-03 4.202270507812500000e-02 -1.916503906250000000e-01
-1.543998718261718750e-03 4.202270507812500000e-02 -1.916503906250000000e-01
-6.432533264160156250e-04 4.202270507812500000e-02 -1.916503906250000000e-01
2.567768096923828125e-04 4.202270507812500000e-02 -1.916503906250000000e-01
1.156806945800781250e-03 4.202270507812500000e-02 -1.916503906250000000e-01
2.056121826171875000e-03 4.202270507812500000e-02 -1.916503906250000000e-01
2.958297729492187500e-03 4.202270507812500000e-02 -1.916503906250000000e-01
3.858566284179687500e-03 4.202270507812500000e-02 -1.916503906250000000e-01
4.756927490234375000e-03 4.202270507812500000e-02 -1.916503906250000000e-01
5.657196044921875000e-03 4.202270507812500000e-02 -1.916503906250000000e-01
6.557464599609375000e-03 4.202270507812500000e-02 -1.916503906250000000e-01
7.457733154296875000e-03 4.202270507812500000e-02 -1.916503906250000000e-01
-1.234436035156250000e-02 4.113769531250000000e-02 -1.916503906250000000e-01
-1.144409179687500000e-02 4.113769531250000000e-02 -1.916503906250000000e-01
-1.054382324218750000e-02 4.113769531250000000e-02 -1.916503906250000000e-01
-9.643554687500000000e-03 4.113769531250000000e-02 -1.916503906250000000e-01
-8.743286132812500000e-03 4.113769531250000000e-02 -1.916503906250000000e-01
-7.843017578125000000e-03 4.113769531250000000e-02 -1.916503906250000000e-01
-6.946563720703125000e-03 4.113769531250000000e-02 -1.916503906250000000e-01
-6.046295166015625000e-03 4.113769531250000000e-02 -1.916503906250000000e-01
-5.142211914062500000e-03 4.113769531250000000e-02 -1.916503906250000000e-01
-4.241943359375000000e-03 4.113769531250000000e-02 -1.916503906250000000e-01
-3.343582153320312500e-03 4.113769531250000000e-02 -1.916503906250000000e-01
-2.443313598632812500e-03 4.113769531250000000e-02 -1.916503906250000000e-01
-1.543998718261718750e-03 4.113769531250000000e-02 -1.916503906250000000e-01
-6.432533264160156250e-04 4.113769531250000000e-02 -1.916503906250000000e-01
2.567768096923828125e-04 4.113769531250000000e-02 -1.916503906250000000e-01
1.156806945800781250e-03 4.113769531250000000e-02 -1.916503906250000000e-01
2.056121826171875000e-03 4.113769531250000000e-02 -1.916503906250000000e-01
2.958297729492187500e-03 4.113769531250000000e-02 -1.916503906250000000e-01
3.858566284179687500e-03 4.113769531250000000e-02 -1.916503906250000000e-01
4.756927490234375000e-03 4.113769531250000000e-02 -1.916503906250000000e-01
5.657196044921875000e-03 4.113769531250000000e-02 -1.916503906250000000e-01
6.557464599609375000e-03 4.113769531250000000e-02 -1.916503906250000000e-01
7.419586181640625000e-03 4.092407226562500000e-02 -1.906738281250000000e-01
8.354187011718750000e-03 4.113769531250000000e-02 -1.916503906250000000e-01
-1.324462890625000000e-02 4.022216796875000000e-02 -1.916503906250000000e-01
-1.234436035156250000e-02 4.022216796875000000e-02 -1.916503906250000000e-01
-1.138305664062500000e-02 4.000854492187500000e-02 -1.906738281250000000e-01
-1.049041748046875000e-02 4.000854492187500000e-02 -1.906738281250000000e-01
-9.597778320312500000e-03 4.000854492187500000e-02 -1.906738281250000000e-01
-8.697509765625000000e-03 4.000854492187500000e-02 -1.906738281250000000e-01
-7.804870605468750000e-03 4.000854492187500000e-02 -1.906738281250000000e-01
-6.908416748046875000e-03 4.000854492187500000e-02 -1.906738281250000000e-01
-6.011962890625000000e-03 4.000854492187500000e-02 -1.906738281250000000e-01
-5.115509033203125000e-03 4.000854492187500000e-02 -1.906738281250000000e-01
-4.222869873046875000e-03 4.000854492187500000e-02 -1.906738281250000000e-01
-3.326416015625000000e-03 4.000854492187500000e-02 -1.906738281250000000e-01
-2.429962158203125000e-03 4.000854492187500000e-02 -1.906738281250000000e-01
-1.535415649414062500e-03 4.000854492187500000e-02 -1.906738281250000000e-01
-6.399154663085937500e-04 4.000854492187500000e-02 -1.906738281250000000e-01
2.555847167968750000e-04 4.000854492187500000e-02 -1.906738281250000000e-01
1.151084899902343750e-03 4.000854492187500000e-02 -1.906738281250000000e-01
2.046585083007812500e-03 4.000854492187500000e-02 -1.906738281250000000e-01
2.941131591796875000e-03 4.000854492187500000e-02 -1.906738281250000000e-01
3.837585449218750000e-03 4.000854492187500000e-02 -1.906738281250000000e-01
4.734039306640625000e-03 4.000854492187500000e-02 -1.906738281250000000e-01
5.626678466796875000e-03 4.000854492187500000e-02 -1.906738281250000000e-01
6.523132324218750000e-03 4.000854492187500000e-02 -1.906738281250000000e-01
7.419586181640625000e-03 4.000854492187500000e-02 -1.906738281250000000e-01
8.316040039062500000e-03 4.000854492187500000e-02 -1.906738281250000000e-01
-1.324462890625000000e-02 3.933715820312500000e-02 -1.916503906250000000e-01
-1.228332519531250000e-02 3.912353515625000000e-02 -1.906738281250000000e-01
-1.138305664062500000e-02 3.912353515625000000e-02 -1.906738281250000000e-01
-1.049041748046875000e-02 3.912353515625000000e-02 -1.906738281250000000e-01
-9.597778320312500000e-03 3.912353515625000000e-02 -1.906738281250000000e-01
-8.697509765625000000e-03 3.912353515625000000e-02 -1.906738281250000000e-01
-7.804870605468750000e-03 3.912353515625000000e-02 -1.906738281250000000e-01
-6.874084472656250000e-03 3.890991210937500000e-02 -1.896972656250000000e-01
-5.981445312500000000e-03 3.890991210937500000e-02 -1.896972656250000000e-01
-5.088806152343750000e-03 3.890991210937500000e-02 -1.896972656250000000e-01
-4.199981689453125000e-03 3.890991210937500000e-02 -1.896972656250000000e-01
-3.309249877929687500e-03 3.890991210937500000e-02 -1.896972656250000000e-01
-2.418518066406250000e-03 3.890991210937500000e-02 -1.896972656250000000e-01
-1.527786254882812500e-03 3.890991210937500000e-02 -1.896972656250000000e-01
-6.365776062011718750e-04 3.890991210937500000e-02 -1.896972656250000000e-01
2.541542053222656250e-04 3.890991210937500000e-02 -1.896972656250000000e-01
1.144409179687500000e-03 3.890991210937500000e-02 -1.896972656250000000e-01
2.035140991210937500e-03 3.890991210937500000e-02 -1.896972656250000000e-01
2.925872802734375000e-03 3.890991210937500000e-02 -1.896972656250000000e-01
3.818511962890625000e-03 3.890991210937500000e-02 -1.896972656250000000e-01
4.734039306640625000e-03 3.912353515625000000e-02 -1.906738281250000000e-01
5.626678466796875000e-03 3.912353515625000000e-02 -1.906738281250000000e-01
6.523132324218750000e-03 3.912353515625000000e-02 -1.906738281250000000e-01
7.419586181640625000e-03 3.912353515625000000e-02 -1.906738281250000000e-01
8.316040039062500000e-03 3.912353515625000000e-02 -1.906738281250000000e-01
-1.228332519531250000e-02 3.823852539062500000e-02 -1.906738281250000000e-01
-1.138305664062500000e-02 3.823852539062500000e-02 -1.906738281250000000e-01
-1.043701171875000000e-02 3.802490234375000000e-02 -1.896972656250000000e-01
-9.544372558593750000e-03 3.802490234375000000e-02 -1.896972656250000000e-01
-8.651733398437500000e-03 3.802490234375000000e-02 -1.896972656250000000e-01
-7.762908935546875000e-03 3.802490234375000000e-02 -1.896972656250000000e-01
-6.874084472656250000e-03 3.802490234375000000e-02 -1.896972656250000000e-01
-5.981445312500000000e-03 3.802490234375000000e-02 -1.896972656250000000e-01
-5.088806152343750000e-03 3.802490234375000000e-02 -1.896972656250000000e-01
-4.199981689453125000e-03 3.802490234375000000e-02 -1.896972656250000000e-01
-3.309249877929687500e-03 3.802490234375000000e-02 -1.896972656250000000e-01
-2.418518066406250000e-03 3.802490234375000000e-02 -1.896972656250000000e-01
-1.527786254882812500e-03 3.802490234375000000e-02 -1.896972656250000000e-01
-6.365776062011718750e-04 3.802490234375000000e-02 -1.896972656250000000e-01
2.541542053222656250e-04 3.802490234375000000e-02 -1.896972656250000000e-01
1.144409179687500000e-03 3.802490234375000000e-02 -1.896972656250000000e-01
2.035140991210937500e-03 3.802490234375000000e-02 -1.896972656250000000e-01
2.925872802734375000e-03 3.802490234375000000e-02 -1.896972656250000000e-01
3.818511962890625000e-03 3.802490234375000000e-02 -1.896972656250000000e-01
4.707336425781250000e-03 3.802490234375000000e-02 -1.896972656250000000e-01
5.599975585937500000e-03 3.802490234375000000e-02 -1.896972656250000000e-01
6.488800048828125000e-03 3.802490234375000000e-02 -1.896972656250000000e-01
7.381439208984375000e-03 3.802490234375000000e-02 -1.896972656250000000e-01
8.316040039062500000e-03 3.823852539062500000e-02 -1.906738281250000000e-01
-1.310729980468750000e-02 3.713989257812500000e-02 -1.896972656250000000e-01
-1.221466064453125000e-02 3.713989257812500000e-02 -1.896972656250000000e-01
-1.132202148437500000e-02 3.713989257812500000e-02 -1.896972656250000000e-01
-1.043701171875000000e-02 3.713989257812500000e-02 -1.896972656250000000e-01
-9.544372558593750000e-03 3.713989257812500000e-02 -1.896972656250000000e-01
-8.605957031250000000e-03 3.692626953125000000e-02 -1.887207031250000000e-01
-7.720947265625000000e-03 3.692626953125000000e-02 -1.887207031250000000e-01
-6.835937500000000000e-03 3.692626953125000000e-02 -1.887207031250000000e-01
-5.950927734375000000e-03 3.692626953125000000e-02 -1.887207031250000000e-01
-5.062103271484375000e-03 3.692626953125000000e-02 -1.887207031250000000e-01
-4.177093505859375000e-03 3.692626953125000000e-02 -1.887207031250000000e-01
-3.292083740234375000e-03 3.692626953125000000e-02 -1.887207031250000000e-01
-2.405166625976562500e-03 3.692626953125000000e-02 -1.887207031250000000e-01
-1.519203186035156250e-03 3.692626953125000000e-02 -1.887207031250000000e-01
-6.332397460937500000e-04 3.692626953125000000e-02 -1.887207031250000000e-01
2.527236938476562500e-04 3.692626953125000000e-02 -1.887207031250000000e-01
1.138687133789062500e-03 3.692626953125000000e-02 -1.887207031250000000e-01
2.025604248046875000e-03 3.692626953125000000e-02 -1.887207031250000000e-01
2.910614013671875000e-03 3.692626953125000000e-02 -1.887207031250000000e-01
3.797531127929687500e-03 3.692626953125000000e-02 -1.887207031250000000e-01
4.684448242187500000e-03 3.692626953125000000e-02 -1.887207031250000000e-01
5.599975585937500000e-03 3.713989257812500000e-02 -1.896972656250000000e-01
6.488800048828125000e-03 3.713989257812500000e-02 -1.896972656250000000e-01
7.381439208984375000e-03 3.713989257812500000e-02 -1.896972656250000000e-01
8.270263671875000000e-03 3.713989257812500000e-02 -1.896972656250000000e-01
9.162902832031250000e-03 3.713989257812500000e-02 -1.896972656250000000e-01
-1.310729980468750000e-02 3.625488281250000000e-02 -1.896972656250000000e-01
-1.215362548828125000e-02 3.604125976562500000e-02 -1.887207031250000000e-01
-1.126861572265625000e-02 3.604125976562500000e-02 -1.887207031250000000e-01
-1.037597656250000000e-02 3.604125976562500000e-02 -1.887207031250000000e-01
-9.490966796875000000e-03 3.604125976562500000e-02 -1.887207031250000000e-01
-8.605957031250000000e-03 3.604125976562500000e-02 -1.887207031250000000e-01
-7.720947265625000000e-03 3.604125976562500000e-02 -1.887207031250000000e-01
-6.835937500000000000e-03 3.604125976562500000e-02 -1.887207031250000000e-01
-5.950927734375000000e-03 3.604125976562500000e-02 -1.887207031250000000e-01
-5.035400390625000000e-03 3.585815429687500000e-02 -1.876220703125000000e-01
-4.154205322265625000e-03 3.585815429687500000e-02 -1.876220703125000000e-01
-3.274917602539062500e-03 3.585815429687500000e-02 -1.876220703125000000e-01
-2.391815185546875000e-03 3.585815429687500000e-02 -1.876220703125000000e-01
-1.511573791503906250e-03 3.585815429687500000e-02 -1.876220703125000000e-01
-6.299018859863281250e-04 3.585815429687500000e-02 -1.876220703125000000e-01
2.527236938476562500e-04 3.604125976562500000e-02 -1.887207031250000000e-01
1.138687133789062500e-03 3.604125976562500000e-02 -1.887207031250000000e-01
2.025604248046875000e-03 3.604125976562500000e-02 -1.887207031250000000e-01
2.910614013671875000e-03 3.604125976562500000e-02 -1.887207031250000000e-01
3.797531127929687500e-03 3.604125976562500000e-02 -1.887207031250000000e-01
4.684448242187500000e-03 3.604125976562500000e-02 -1.887207031250000000e-01
5.569458007812500000e-03 3.604125976562500000e-02 -1.887207031250000000e-01
6.454467773437500000e-03 3.604125976562500000e-02 -1.887207031250000000e-01
7.343292236328125000e-03 3.604125976562500000e-02 -1.887207031250000000e-01
8.224487304687500000e-03 3.604125976562500000e-02 -1.887207031250000000e-01
9.162902832031250000e-03 3.625488281250000000e-02 -1.896972656250000000e-01
-1.303863525390625000e-02 3.515625000000000000e-02 -1.887207031250000000e-01
-1.215362548828125000e-02 3.515625000000000000e-02 -1.887207031250000000e-01
-1.126861572265625000e-02 3.515625000000000000e-02 -1.887207031250000000e-01
-1.037597656250000000e-02 3.515625000000000000e-02 -1.887207031250000000e-01
-9.490966796875000000e-03 3.515625000000000000e-02 -1.887207031250000000e-01
-8.605957031250000000e-03 3.515625000000000000e-02 -1.887207031250000000e-01
-7.682800292968750000e-03 3.497314453125000000e-02 -1.876220703125000000e-01
-6.797790527343750000e-03 3.497314453125000000e-02 -1.876220703125000000e-01
-5.916595458984375000e-03 3.497314453125000000e-02 -1.876220703125000000e-01
-5.035400390625000000e-03 3.497314453125000000e-02 -1.876220703125000000e-01
-4.154205322265625000e-03 3.497314453125000000e-02 -1.876220703125000000e-01
-3.274917602539062500e-03 3.497314453125000000e-02 -1.876220703125000000e-01
-2.391815185546875000e-03 3.497314453125000000e-02 -1.876220703125000000e-01
-1.511573791503906250e-03 3.497314453125000000e-02 -1.876220703125000000e-01
-6.299018859863281250e-04 3.497314453125000000e-02 -1.876220703125000000e-01
2.515316009521484375e-04 3.497314453125000000e-02 -1.876220703125000000e-01
1.132965087890625000e-03 3.497314453125000000e-02 -1.876220703125000000e-01
2.014160156250000000e-03 3.497314453125000000e-02 -1.876220703125000000e-01
2.895355224609375000e-03 3.497314453125000000e-02 -1.876220703125000000e-01
3.797531127929687500e-03 3.515625000000000000e-02 -1.887207031250000000e-01
4.684448242187500000e-03 3.515625000000000000e-02 -1.887207031250000000e-01
5.569458007812500000e-03 3.515625000000000000e-02 -1.887207031250000000e-01
6.454467773437500000e-03 3.515625000000000000e-02 -1.887207031250000000e-01
7.343292236328125000e-03 3.515625000000000000e-02 -1.887207031250000000e-01
8.224487304687500000e-03 3.515625000000000000e-02 -1.887207031250000000e-01
-1.215362548828125000e-02 3.427124023437500000e-02 -1.887207031250000000e-01
-1.126861572265625000e-02 3.427124023437500000e-02 -1.887207031250000000e-01
-1.037597656250000000e-02 3.427124023437500000e-02 -1.887207031250000000e-01
-9.490966796875000000e-03 3.427124023437500000e-02 -1.887207031250000000e-01
-8.560180664062500000e-03 3.408813476562500000e-02 -1.876220703125000000e-01
-7.682800292968750000e-03 3.408813476562500000e-02 -1.876220703125000000e-01
-6.797790527343750000e-03 3.408813476562500000e-02 -1.876220703125000000e-01
-5.916595458984375000e-03 3.408813476562500000e-02 -1.876220703125000000e-01
-5.035400390625000000e-03 3.408813476562500000e-02 -1.876220703125000000e-01
-4.154205322265625000e-03 3.408813476562500000e-02 -1.876220703125000000e-01
-3.274917602539062500e-03 3.408813476562500000e-02 -1.876220703125000000e-01
-2.391815185546875000e-03 3.408813476562500000e-02 -1.876220703125000000e-01
-1.511573791503906250e-03 3.408813476562500000e-02 -1.876220703125000000e-01
-6.299018859863281250e-04 3.408813476562500000e-02 -1.876220703125000000e-01
2.515316009521484375e-04 3.408813476562500000e-02 -1.876220703125000000e-01
1.132965087890625000e-03 3.408813476562500000e-02 -1.876220703125000000e-01
2.014160156250000000e-03 3.408813476562500000e-02 -1.876220703125000000e-01
2.895355224609375000e-03 3.408813476562500000e-02 -1.876220703125000000e-01
3.776550292968750000e-03 3.408813476562500000e-02 -1.876220703125000000e-01
4.684448242187500000e-03 3.427124023437500000e-02 -1.887207031250000000e-01
5.569458007812500000e-03 3.427124023437500000e-02 -1.887207031250000000e-01
6.454467773437500000e-03 3.427124023437500000e-02 -1.887207031250000000e-01
7.343292236328125000e-03 3.427124023437500000e-02 -1.887207031250000000e-01
8.224487304687500000e-03 3.427124023437500000e-02 -1.887207031250000000e-01
9.109497070312500000e-03 3.427124023437500000e-02 -1.887207031250000000e-01
-1.215362548828125000e-02 3.338623046875000000e-02 -1.887207031250000000e-01
-1.126861572265625000e-02 3.338623046875000000e-02 -1.887207031250000000e-01
-1.037597656250000000e-02 3.338623046875000000e-02 -1.887207031250000000e-01
-9.445190429687500000e-03 3.320312500000000000e-02 -1.876220703125000000e-01
-8.560180664062500000e-03 3.320312500000000000e-02 -1.876220703125000000e-01
-7.682800292968750000e-03 3.320312500000000000e-02 -1.876220703125000000e-01
-6.797790527343750000e-03 3.320312500000000000e-02 -1.876220703125000000e-01
-5.916595458984375000e-03 3.320312500000000000e-02 -1.876220703125000000e-01
-5.008697509765625000e-03 3.305053710937500000e-02 -1.866455078125000000e-01
-4.131317138671875000e-03 3.305053710937500000e-02 -1.866455078125000000e-01
-3.255844116210937500e-03 3.305053710937500000e-02 -1.866455078125000000e-01
-2.380371093750000000e-03 3.305053710937500000e-02 -1.866455078125000000e-01
-1.502990722656250000e-03 3.305053710937500000e-02 -1.866455078125000000e-01
-6.265640258789062500e-04 3.305053710937500000e-02 -1.866455078125000000e-01
2.515316009521484375e-04 3.320312500000000000e-02 -1.876220703125000000e-01
1.132965087890625000e-03 3.320312500000000000e-02 -1.876220703125000000e-01
2.014160156250000000e-03 3.320312500000000000e-02 -1.876220703125000000e-01
2.895355224609375000e-03 3.320312500000000000e-02 -1.876220703125000000e-01
3.776550292968750000e-03 3.320312500000000000e-02 -1.876220703125000000e-01
4.657745361328125000e-03 3.320312500000000000e-02 -1.876220703125000000e-01
5.569458007812500000e-03 3.338623046875000000e-02 -1.887207031250000000e-01
6.454467773437500000e-03 3.338623046875000000e-02 -1.887207031250000000e-01
7.343292236328125000e-03 3.338623046875000000e-02 -1.887207031250000000e-01
8.224487304687500000e-03 3.338623046875000000e-02 -1.887207031250000000e-01
9.109497070312500000e-03 3.338623046875000000e-02 -1.887207031250000000e-01
-1.215362548828125000e-02 3.250122070312500000e-02 -1.887207031250000000e-01
-1.126861572265625000e-02 3.250122070312500000e-02 -1.887207031250000000e-01
-1.037597656250000000e-02 3.250122070312500000e-02 -1.887207031250000000e-01
-9.445190429687500000e-03 3.234863281250000000e-02 -1.876220703125000000e-01
-8.560180664062500000e-03 3.234863281250000000e-02 -1.876220703125000000e-01
-7.682800292968750000e-03 3.234863281250000000e-02 -1.876220703125000000e-01
-6.797790527343750000e-03 3.234863281250000000e-02 -1.876220703125000000e-01
-5.886077880859375000e-03 3.216552734375000000e-02 -1.866455078125000000e-01
-5.008697509765625000e-03 3.216552734375000000e-02 -1.866455078125000000e-01
-4.131317138671875000e-03 3.216552734375000000e-02 -1.866455078125000000e-01
-3.255844116210937500e-03 3.216552734375000000e-02 -1.866455078125000000e-01
-2.380371093750000000e-03 3.216552734375000000e-02 -1.866455078125000000e-01
-1.502990722656250000e-03 3.216552734375000000e-02 -1.866455078125000000e-01
-6.265640258789062500e-04 3.216552734375000000e-02 -1.866455078125000000e-01
2.515316009521484375e-04 3.234863281250000000e-02 -1.876220703125000000e-01
1.132965087890625000e-03 3.234863281250000000e-02 -1.876220703125000000e-01
2.014160156250000000e-03 3.234863281250000000e-02 -1.876220703125000000e-01
2.895355224609375000e-03 3.234863281250000000e-02 -1.876220703125000000e-01
3.776550292968750000e-03 3.234863281250000000e-02 -1.876220703125000000e-01
4.684448242187500000e-03 3.250122070312500000e-02 -1.887207031250000000e-01
5.569458007812500000e-03 3.250122070312500000e-02 -1.887207031250000000e-01
6.454467773437500000e-03 3.250122070312500000e-02 -1.887207031250000000e-01
7.343292236328125000e-03 3.250122070312500000e-02 -1.887207031250000000e-01
8.224487304687500000e-03 3.250122070312500000e-02 -1.887207031250000000e-01
9.162902832031250000e-03 3.268432617187500000e-02 -1.896972656250000000e-01
-1.126861572265625000e-02 3.161621093750000000e-02 -1.887207031250000000e-01
-1.037597656250000000e-02 3.161621093750000000e-02 -1.887207031250000000e-01
-9.445190429687500000e-03 3.146362304687500000e-02 -1.876220703125000000e-01
-8.560180664062500000e-03 3.146362304687500000e-02 -1.876220703125000000e-01
-7.682800292968750000e-03 3.146362304687500000e-02 -1.876220703125000000e-01
-6.797790527343750000e-03 3.146362304687500000e-02 -1.876220703125000000e-01
-5.916595458984375000e-03 3.146362304687500000e-02 -1.876220703125000000e-01
-5.008697509765625000e-03 3.128051757812500000e-02 -1.866455078125000000e-01
-4.131317138671875000e-03 3.128051757812500000e-02 -1.866455078125000000e-01
-3.255844116210937500e-03 3.128051757812500000e-02 -1.866455078125000000e-01
-2.380371093750000000e-03 3.128051757812500000e-02 -1.866455078125000000e-01
-1.502990722656250000e-03 3.128051757812500000e-02 -1.866455078125000000e-01
-6.265640258789062500e-04 3.128051757812500000e-02 -1.866455078125000000e-01
2.515316009521484375e-04 3.146362304687500000e-02 -1.876220703125000000e-01
1.132965087890625000e-03 3.146362304687500000e-02 -1.876220703125000000e-01
2.014160156250000000e-03 3.146362304687500000e-02 -1.876220703125000000e-01
2.895355224609375000e-03 3.146362304687500000e-02 -1.876220703125000000e-01
3.797531127929687500e-03 3.161621093750000000e-02 -1.887207031250000000e-01
4.684448242187500000e-03 3.161621093750000000e-02 -1.887207031250000000e-01
5.569458007812500000e-03 3.161621093750000000e-02 -1.887207031250000000e-01
6.454467773437500000e-03 3.161621093750000000e-02 -1.887207031250000000e-01
7.381439208984375000e-03 3.179931640625000000e-02 -1.896972656250000000e-01
8.270263671875000000e-03 3.179931640625000000e-02 -1.896972656250000000e-01
9.162902832031250000e-03 3.179931640625000000e-02 -1.896972656250000000e-01
-1.215362548828125000e-02 3.074645996093750000e-02 -1.887207031250000000e-01
-1.126861572265625000e-02 3.074645996093750000e-02 -1.887207031250000000e-01
-1.037597656250000000e-02 3.074645996093750000e-02 -1.887207031250000000e-01
-9.490966796875000000e-03 3.074645996093750000e-02 -1.887207031250000000e-01
-8.560180664062500000e-03 3.057861328125000000e-02 -1.876220703125000000e-01
-7.682800292968750000e-03 3.057861328125000000e-02 -1.876220703125000000e-01
-6.797790527343750000e-03 3.057861328125000000e-02 -1.876220703125000000e-01
-5.916595458984375000e-03 3.057861328125000000e-02 -1.876220703125000000e-01
-5.035400390625000000e-03 3.057861328125000000e-02 -1.876220703125000000e-01
-4.154205322265625000e-03 3.057861328125000000e-02 -1.876220703125000000e-01
-3.255844116210937500e-03 3.041076660156250000e-02 -1.866455078125000000e-01
-2.380371093750000000e-03 3.041076660156250000e-02 -1.866455078125000000e-01
-1.511573791503906250e-03 3.057861328125000000e-02 -1.876220703125000000e-01
-6.299018859863281250e-04 3.057861328125000000e-02 -1.876220703125000000e-01
2.515316009521484375e-04 3.057861328125000000e-02 -1.876220703125000000e-01
1.132965087890625000e-03 3.057861328125000000e-02 -1.876220703125000000e-01
2.014160156250000000e-03 3.057861328125000000e-02 -1.876220703125000000e-01
2.910614013671875000e-03 3.074645996093750000e-02 -1.887207031250000000e-01
3.797531127929687500e-03 3.074645996093750000e-02 -1.887207031250000000e-01
4.684448242187500000e-03 3.074645996093750000e-02 -1.887207031250000000e-01
5.599975585937500000e-03 3.089904785156250000e-02 -1.896972656250000000e-01
6.488800048828125000e-03 3.089904785156250000e-02 -1.896972656250000000e-01
7.381439208984375000e-03 3.089904785156250000e-02 -1.896972656250000000e-01
8.270263671875000000e-03 3.089904785156250000e-02 -1.896972656250000000e-01
9.208679199218750000e-03 3.106689453125000000e-02 -1.906738281250000000e-01
-1.331329345703125000e-02 3.048706054687500000e-02 -1.927490234375000000e-01
-1.126861572265625000e-02 2.986145019531250000e-02 -1.887207031250000000e-01
-1.037597656250000000e-02 2.986145019531250000e-02 -1.887207031250000000e-01
-9.490966796875000000e-03 2.986145019531250000e-02 -1.887207031250000000e-01
-8.605957031250000000e-03 2.986145019531250000e-02 -1.887207031250000000e-01
-7.720947265625000000e-03 2.986145019531250000e-02 -1.887207031250000000e-01
-6.797790527343750000e-03 2.969360351562500000e-02 -1.876220703125000000e-01
-5.916595458984375000e-03 2.969360351562500000e-02 -1.876220703125000000e-01
-5.035400390625000000e-03 2.969360351562500000e-02 -1.876220703125000000e-01
-4.154205322265625000e-03 2.969360351562500000e-02 -1.876220703125000000e-01
-3.274917602539062500e-03 2.969360351562500000e-02 -1.876220703125000000e-01
-2.391815185546875000e-03 2.969360351562500000e-02 -1.876220703125000000e-01
-1.511573791503906250e-03 2.969360351562500000e-02 -1.876220703125000000e-01
-6.299018859863281250e-04 2.969360351562500000e-02 -1.876220703125000000e-01
2.515316009521484375e-04 2.969360351562500000e-02 -1.876220703125000000e-01
1.132965087890625000e-03 2.969360351562500000e-02 -1.876220703125000000e-01
2.025604248046875000e-03 2.986145019531250000e-02 -1.887207031250000000e-01
2.910614013671875000e-03 2.986145019531250000e-02 -1.887207031250000000e-01
3.797531127929687500e-03 2.986145019531250000e-02 -1.887207031250000000e-01
4.707336425781250000e-03 3.001403808593750000e-02 -1.896972656250000000e-01
5.599975585937500000e-03 3.001403808593750000e-02 -1.896972656250000000e-01
6.488800048828125000e-03 3.001403808593750000e-02 -1.896972656250000000e-01
7.419586181640625000e-03 3.016662597656250000e-02 -1.906738281250000000e-01
8.316040039062500000e-03 3.016662597656250000e-02 -1.906738281250000000e-01
9.208679199218750000e-03 3.016662597656250000e-02 -1.906738281250000000e-01
-1.436614990234375000e-02 2.989196777343750000e-02 -1.947021484375000000e-01
-1.345825195312500000e-02 2.989196777343750000e-02 -1.947021484375000000e-01
-1.241302490234375000e-02 2.958679199218750000e-02 -1.927490234375000000e-01
-1.144409179687500000e-02 2.943420410156250000e-02 -1.916503906250000000e-01
-1.043701171875000000e-02 2.912902832031250000e-02 -1.896972656250000000e-01
-9.544372558593750000e-03 2.912902832031250000e-02 -1.896972656250000000e-01
-8.651733398437500000e-03 2.912902832031250000e-02 -1.896972656250000000e-01
-7.720947265625000000e-03 2.897644042968750000e-02 -1.887207031250000000e-01
-6.835937500000000000e-03 2.897644042968750000e-02 -1.887207031250000000e-01
-5.950927734375000000e-03 2.897644042968750000e-02 -1.887207031250000000e-01
-5.035400390625000000e-03 2.880859375000000000e-02 -1.876220703125000000e-01
-4.154205322265625000e-03 2.880859375000000000e-02 -1.876220703125000000e-01
-3.274917602539062500e-03 2.880859375000000000e-02 -1.876220703125000000e-01
-2.391815185546875000e-03 2.880859375000000000e-02 -1.876220703125000000e-01
-1.511573791503906250e-03 2.880859375000000000e-02 -1.876220703125000000e-01
-6.299018859863281250e-04 2.880859375000000000e-02 -1.876220703125000000e-01
2.515316009521484375e-04 2.880859375000000000e-02 -1.876220703125000000e-01
1.138687133789062500e-03 2.897644042968750000e-02 -1.887207031250000000e-01
2.025604248046875000e-03 2.897644042968750000e-02 -1.887207031250000000e-01
2.910614013671875000e-03 2.897644042968750000e-02 -1.887207031250000000e-01
3.818511962890625000e-03 2.912902832031250000e-02 -1.896972656250000000e-01
4.707336425781250000e-03 2.912902832031250000e-02 -1.896972656250000000e-01
5.626678466796875000e-03 2.928161621093750000e-02 -1.906738281250000000e-01
6.523132324218750000e-03 2.928161621093750000e-02 -1.906738281250000000e-01
7.457733154296875000e-03 2.943420410156250000e-02 -1.916503906250000000e-01
8.354187011718750000e-03 2.943420410156250000e-02 -1.916503906250000000e-01
9.254455566406250000e-03 2.943420410156250000e-02 -1.916503906250000000e-01
1.026153564453125000e-02 2.973937988281250000e-02 -1.937255859375000000e-01
-1.536560058593750000e-02 2.912902832031250000e-02 -1.956787109375000000e-01
-1.444244384765625000e-02 2.912902832031250000e-02 -1.956787109375000000e-01
-1.345825195312500000e-02 2.897644042968750000e-02 -1.947021484375000000e-01
-1.254272460937500000e-02 2.897644042968750000e-02 -1.947021484375000000e-01
-1.054382324218750000e-02 2.853393554687500000e-02 -1.916503906250000000e-01
-9.597778320312500000e-03 2.838134765625000000e-02 -1.906738281250000000e-01
-8.651733398437500000e-03 2.822875976562500000e-02 -1.896972656250000000e-01
-7.762908935546875000e-03 2.822875976562500000e-02 -1.896972656250000000e-01
-6.874084472656250000e-03 2.822875976562500000e-02 -1.896972656250000000e-01
-5.950927734375000000e-03 2.807617187500000000e-02 -1.887207031250000000e-01
-5.062103271484375000e-03 2.807617187500000000e-02 -1.887207031250000000e-01
-4.177093505859375000e-03 2.807617187500000000e-02 -1.887207031250000000e-01
-3.292083740234375000e-03 2.807617187500000000e-02 -1.887207031250000000e-01
-2.405166625976562500e-03 2.807617187500000000e-02 -1.887207031250000000e-01
-1.519203186035156250e-03 2.807617187500000000e-02 -1.887207031250000000e-01
-6.332397460937500000e-04 2.807617187500000000e-02 -1.887207031250000000e-01
2.527236938476562500e-04 2.807617187500000000e-02 -1.887207031250000000e-01
1.138687133789062500e-03 2.807617187500000000e-02 -1.887207031250000000e-01
2.035140991210937500e-03 2.822875976562500000e-02 -1.896972656250000000e-01
2.925872802734375000e-03 2.822875976562500000e-02 -1.896972656250000000e-01
3.818511962890625000e-03 2.822875976562500000e-02 -1.896972656250000000e-01
4.734039306640625000e-03 2.838134765625000000e-02 -1.906738281250000000e-01
5.626678466796875000e-03 2.838134765625000000e-02 -1.906738281250000000e-01
6.557464599609375000e-03 2.853393554687500000e-02 -1.916503906250000000e-01
7.457733154296875000e-03 2.853393554687500000e-02 -1.916503906250000000e-01
8.399963378906250000e-03 2.868652343750000000e-02 -1.927490234375000000e-01
9.353637695312500000e-03 2.882385253906250000e-02 -1.937255859375000000e-01
1.031494140625000000e-02 2.897644042968750000e-02 -1.947021484375000000e-01
1.129150390625000000e-02 2.912902832031250000e-02 -1.956787109375000000e-01
-1.536560058593750000e-02 2.821350097656250000e-02 -1.956787109375000000e-01
-1.444244384765625000e-02 2.821350097656250000e-02 -1.956787109375000000e-01
-1.345825195312500000e-02 2.806091308593750000e-02 -1.947021484375000000e-01
-1.254272460937500000e-02 2.806091308593750000e-02 -1.947021484375000000e-01
-1.156616210937500000e-02 2.792358398437500000e-02 -1.937255859375000000e-01
-1.059722900390625000e-02 2.777099609375000000e-02 -1.927490234375000000e-01
-9.643554687500000000e-03 2.763366699218750000e-02 -1.916503906250000000e-01
-8.697509765625000000e-03 2.748107910156250000e-02 -1.906738281250000000e-01
-7.804870605468750000e-03 2.748107910156250000e-02 -1.906738281250000000e-01
-6.874084472656250000e-03 2.734375000000000000e-02 -1.896972656250000000e-01
-5.981445312500000000e-03 2.734375000000000000e-02 -1.896972656250000000e-01
-5.088806152343750000e-03 2.734375000000000000e-02 -1.896972656250000000e-01
-4.177093505859375000e-03 2.719116210937500000e-02 -1.887207031250000000e-01
-3.292083740234375000e-03 2.719116210937500000e-02 -1.887207031250000000e-01
-2.405166625976562500e-03 2.719116210937500000e-02 -1.887207031250000000e-01
-1.519203186035156250e-03 2.719116210937500000e-02 -1.887207031250000000e-01
-6.332397460937500000e-04 2.719116210937500000e-02 -1.887207031250000000e-01
2.527236938476562500e-04 2.719116210937500000e-02 -1.887207031250000000e-01
1.144409179687500000e-03 2.734375000000000000e-02 -1.896972656250000000e-01
2.035140991210937500e-03 2.734375000000000000e-02 -1.896972656250000000e-01
2.941131591796875000e-03 2.748107910156250000e-02 -1.906738281250000000e-01
3.837585449218750000e-03 2.748107910156250000e-02 -1.906738281250000000e-01
4.756927490234375000e-03 2.763366699218750000e-02 -1.916503906250000000e-01
5.657196044921875000e-03 2.763366699218750000e-02 -1.916503906250000000e-01
6.591796875000000000e-03 2.777099609375000000e-02 -1.927490234375000000e-01
7.499694824218750000e-03 2.777099609375000000e-02 -1.927490234375000000e-01
8.445739746093750000e-03 2.792358398437500000e-02 -1.937255859375000000e-01
9.407043457031250000e-03 2.806091308593750000e-02 -1.947021484375000000e-01
1.031494140625000000e-02 2.806091308593750000e-02 -1.947021484375000000e-01
1.135253906250000000e-02 2.835083007812500000e-02 -1.966552734375000000e-01
1.227569580078125000e-02 2.835083007812500000e-02 -1.966552734375000000e-01
-1.544189453125000000e-02 2.743530273437500000e-02 -1.966552734375000000e-01
-1.444244384765625000e-02 2.729797363281250000e-02 -1.956787109375000000e-01
-1.352691650390625000e-02 2.729797363281250000e-02 -1.956787109375000000e-01
-1.254272460937500000e-02 2.714538574218750000e-02 -1.947021484375000000e-01
-1.156616210937500000e-02 2.700805664062500000e-02 -1.937255859375000000e-01
-1.059722900390625000e-02 2.687072753906250000e-02 -1.927490234375000000e-01
-9.696960449218750000e-03 2.687072753906250000e-02 -1.927490234375000000e-01
-8.743286132812500000e-03 2.673339843750000000e-02 -1.916503906250000000e-01
-7.804870605468750000e-03 2.659606933593750000e-02 -1.906738281250000000e-01
-6.908416748046875000e-03 2.659606933593750000e-02 -1.906738281250000000e-01
-6.011962890625000000e-03 2.659606933593750000e-02 -1.906738281250000000e-01
-5.088806152343750000e-03 2.644348144531250000e-02 -1.896972656250000000e-01
-4.199981689453125000e-03 2.644348144531250000e-02 -1.896972656250000000e-01
-3.309249877929687500e-03 2.644348144531250000e-02 -1.896972656250000000e-01
-2.418518066406250000e-03 2.644348144531250000e-02 -1.896972656250000000e-01
-1.527786254882812500e-03 2.644348144531250000e-02 -1.896972656250000000e-01
-6.365776062011718750e-04 2.644348144531250000e-02 -1.896972656250000000e-01
2.541542053222656250e-04 2.644348144531250000e-02 -1.896972656250000000e-01
1.144409179687500000e-03 2.644348144531250000e-02 -1.896972656250000000e-01
2.046585083007812500e-03 2.659606933593750000e-02 -1.906738281250000000e-01
2.941131591796875000e-03 2.659606933593750000e-02 -1.906738281250000000e-01
3.858566284179687500e-03 2.673339843750000000e-02 -1.916503906250000000e-01
4.756927490234375000e-03 2.673339843750000000e-02 -1.916503906250000000e-01
5.687713623046875000e-03 2.687072753906250000e-02 -1.927490234375000000e-01
6.626129150390625000e-03 2.700805664062500000e-02 -1.937255859375000000e-01
7.537841796875000000e-03 2.700805664062500000e-02 -1.937255859375000000e-01
8.491516113281250000e-03 2.714538574218750000e-02 -1.947021484375000000e-01
9.452819824218750000e-03 2.729797363281250000e-02 -1.956787109375000000e-01
1.036834716796875000e-02 2.729797363281250000e-02 -1.956787109375000000e-01
1.135253906250000000e-02 2.743530273437500000e-02 -1.966552734375000000e-01
1.233673095703125000e-02 2.757263183593750000e-02 -1.977539062500000000e-01
-1.544189453125000000e-02 2.650451660156250000e-02 -1.966552734375000000e-01
-1.451873779296875000e-02 2.650451660156250000e-02 -1.966552734375000000e-01
-1.352691650390625000e-02 2.636718750000000000e-02 -1.956787109375000000e-01
-1.260375976562500000e-02 2.636718750000000000e-02 -1.956787109375000000e-01
-1.162719726562500000e-02 2.622985839843750000e-02 -1.947021484375000000e-01
-1.065826416015625000e-02 2.610778808593750000e-02 -1.937255859375000000e-01
-9.742736816406250000e-03 2.610778808593750000e-02 -1.937255859375000000e-01
-8.789062500000000000e-03 2.597045898437500000e-02 -1.927490234375000000e-01
-7.843017578125000000e-03 2.583312988281250000e-02 -1.916503906250000000e-01
-6.946563720703125000e-03 2.583312988281250000e-02 -1.916503906250000000e-01
-6.011962890625000000e-03 2.569580078125000000e-02 -1.906738281250000000e-01
-5.115509033203125000e-03 2.569580078125000000e-02 -1.906738281250000000e-01
-4.222869873046875000e-03 2.569580078125000000e-02 -1.906738281250000000e-01
-3.326416015625000000e-03 2.569580078125000000e-02 -1.906738281250000000e-01
-2.418518066406250000e-03 2.555847167968750000e-02 -1.896972656250000000e-01
-1.527786254882812500e-03 2.555847167968750000e-02 -1.896972656250000000e-01
-6.399154663085937500e-04 2.569580078125000000e-02 -1.906738281250000000e-01
2.555847167968750000e-04 2.569580078125000000e-02 -1.906738281250000000e-01
1.151084899902343750e-03 2.569580078125000000e-02 -1.906738281250000000e-01
2.056121826171875000e-03 2.583312988281250000e-02 -1.916503906250000000e-01
2.958297729492187500e-03 2.583312988281250000e-02 -1.916503906250000000e-01
3.877639770507812500e-03 2.597045898437500000e-02 -1.927490234375000000e-01
4.783630371093750000e-03 2.597045898437500000e-02 -1.927490234375000000e-01
5.718231201171875000e-03 2.610778808593750000e-02 -1.937255859375000000e-01
6.626129150390625000e-03 2.610778808593750000e-02 -1.937255859375000000e-01
7.575988769531250000e-03 2.622985839843750000e-02 -1.947021484375000000e-01
8.529663085937500000e-03 2.636718750000000000e-02 -1.956787109375000000e-01
9.452819824218750000e-03 2.636718750000000000e-02 -1.956787109375000000e-01
1.042175292968750000e-02 2.650451660156250000e-02 -1.966552734375000000e-01
1.140594482421875000e-02 2.664184570312500000e-02 -1.977539062500000000e-01
1.233673095703125000e-02 2.664184570312500000e-02 -1.977539062500000000e-01
-1.644897460937500000e-02 2.571105957031250000e-02 -1.977539062500000000e-01
-1.544189453125000000e-02 2.558898925781250000e-02 -1.966552734375000000e-01
-1.451873779296875000e-02 2.558898925781250000e-02 -1.966552734375000000e-01
-1.359558105468750000e-02 2.558898925781250000e-02 -1.966552734375000000e-01
-1.260375976562500000e-02 2.545166015625000000e-02 -1.956787109375000000e-01
-1.168823242187500000e-02 2.545166015625000000e-02 -1.956787109375000000e-01
-1.071166992187500000e-02 2.531433105468750000e-02 -1.947021484375000000e-01
-9.742736816406250000e-03 2.519226074218750000e-02 -1.937255859375000000e-01
-8.834838867187500000e-03 2.519226074218750000e-02 -1.937255859375000000e-01
-7.881164550781250000e-03 2.505493164062500000e-02 -1.927490234375000000e-01
-6.980895996093750000e-03 2.505493164062500000e-02 -1.927490234375000000e-01
-6.046295166015625000e-03 2.493286132812500000e-02 -1.916503906250000000e-01
-5.142211914062500000e-03 2.493286132812500000e-02 -1.916503906250000000e-01
-4.241943359375000000e-03 2.493286132812500000e-02 -1.916503906250000000e-01
-3.326416015625000000e-03 2.479553222656250000e-02 -1.906738281250000000e-01
-2.429962158203125000e-03 2.479553222656250000e-02 -1.906738281250000000e-01
-1.535415649414062500e-03 2.479553222656250000e-02 -1.906738281250000000e-01
-6.399154663085937500e-04 2.479553222656250000e-02 -1.906738281250000000e-01
2.567768096923828125e-04 2.493286132812500000e-02 -1.916503906250000000e-01
1.156806945800781250e-03 2.493286132812500000e-02 -1.916503906250000000e-01
2.056121826171875000e-03 2.493286132812500000e-02 -1.916503906250000000e-01
2.973556518554687500e-03 2.505493164062500000e-02 -1.927490234375000000e-01
3.877639770507812500e-03 2.505493164062500000e-02 -1.927490234375000000e-01
4.806518554687500000e-03 2.519226074218750000e-02 -1.937255859375000000e-01
5.748748779296875000e-03 2.531433105468750000e-02 -1.947021484375000000e-01
6.660461425781250000e-03 2.531433105468750000e-02 -1.947021484375000000e-01
7.614135742187500000e-03 2.545166015625000000e-02 -1.956787109375000000e-01
8.529663085937500000e-03 2.545166015625000000e-02 -1.956787109375000000e-01
9.498596191406250000e-03 2.558898925781250000e-02 -1.966552734375000000e-01
1.047515869140625000e-02 2.571105957031250000e-02 -1.977539062500000000e-01
1.140594482421875000e-02 2.571105957031250000e-02 -1.977539062500000000e-01
1.233673095703125000e-02 2.571105957031250000e-02 -1.977539062500000000e-01
-1.644897460937500000e-02 2.478027343750000000e-02 -1.977539062500000000e-01
-1.551818847656250000e-02 2.478027343750000000e-02 -1.977539062500000000e-01
-1.451873779296875000e-02 2.465820312500000000e-02 -1.966552734375000000e-01
-1.359558105468750000e-02 2.465820312500000000e-02 -1.966552734375000000e-01
-1.267242431640625000e-02 2.465820312500000000e-02 -1.966552734375000000e-01
-1.168823242187500000e-02 2.453613281250000000e-02 -1.956787109375000000e-01
-1.076507568359375000e-02 2.453613281250000000e-02 -1.956787109375000000e-01
-9.796142578125000000e-03 2.441406250000000000e-02 -1.947021484375000000e-01
-8.834838867187500000e-03 2.427673339843750000e-02 -1.937255859375000000e-01
-7.926940917968750000e-03 2.427673339843750000e-02 -1.937255859375000000e-01
-6.980895996093750000e-03 2.415466308593750000e-02 -1.927490234375000000e-01
-6.076812744140625000e-03 2.415466308593750000e-02 -1.927490234375000000e-01
-5.172729492187500000e-03 2.415466308593750000e-02 -1.927490234375000000e-01
-4.241943359375000000e-03 2.403259277343750000e-02 -1.916503906250000000e-01
-3.343582153320312500e-03 2.403259277343750000e-02 -1.916503906250000000e-01
-2.443313598632812500e-03 2.403259277343750000e-02 -1.916503906250000000e-01
-1.543998718261718750e-03 2.403259277343750000e-02 -1.916503906250000000e-01
-6.432533264160156250e-04 2.403259277343750000e-02 -1.916503906250000000e-01
2.567768096923828125e-04 2.403259277343750000e-02 -1.916503906250000000e-01
1.163482666015625000e-03 2.415466308593750000e-02 -1.927490234375000000e-01
2.067565917968750000e-03 2.415466308593750000e-02 -1.927490234375000000e-01
2.988815307617187500e-03 2.427673339843750000e-02 -1.937255859375000000e-01
3.898620605468750000e-03 2.427673339843750000e-02 -1.937255859375000000e-01
4.833221435546875000e-03 2.441406250000000000e-02 -1.947021484375000000e-01
5.748748779296875000e-03 2.441406250000000000e-02 -1.947021484375000000e-01
6.694793701171875000e-03 2.453613281250000000e-02 -1.956787109375000000e-01
7.614135742187500000e-03 2.453613281250000000e-02 -1.956787109375000000e-01
8.575439453125000000e-03 2.465820312500000000e-02 -1.966552734375000000e-01
9.498596191406250000e-03 2.465820312500000000e-02 -1.966552734375000000e-01
1.047515869140625000e-02 2.478027343750000000e-02 -1.977539062500000000e-01
1.140594482421875000e-02 2.478027343750000000e-02 -1.977539062500000000e-01
1.239776611328125000e-02 2.490234375000000000e-02 -1.987304687500000000e-01
1.332855224609375000e-02 2.490234375000000000e-02 -1.987304687500000000e-01
-1.644897460937500000e-02 2.384948730468750000e-02 -1.977539062500000000e-01
-1.551818847656250000e-02 2.384948730468750000e-02 -1.977539062500000000e-01
-1.459503173828125000e-02 2.384948730468750000e-02 -1.977539062500000000e-01
-1.359558105468750000e-02 2.372741699218750000e-02 -1.966552734375000000e-01
-1.267242431640625000e-02 2.372741699218750000e-02 -1.966552734375000000e-01
-1.174163818359375000e-02 2.372741699218750000e-02 -1.966552734375000000e-01
-1.076507568359375000e-02 2.362060546875000000e-02 -1.956787109375000000e-01
-9.849548339843750000e-03 2.362060546875000000e-02 -1.956787109375000000e-01
-8.880615234375000000e-03 2.349853515625000000e-02 -1.947021484375000000e-01
-7.965087890625000000e-03 2.349853515625000000e-02 -1.947021484375000000e-01
-7.019042968750000000e-03 2.337646484375000000e-02 -1.937255859375000000e-01
-6.107330322265625000e-03 2.337646484375000000e-02 -1.937255859375000000e-01
-5.172729492187500000e-03 2.325439453125000000e-02 -1.927490234375000000e-01
-4.264831542968750000e-03 2.325439453125000000e-02 -1.927490234375000000e-01
-3.360748291015625000e-03 2.325439453125000000e-02 -1.927490234375000000e-01
-2.456665039062500000e-03 2.325439453125000000e-02 -1.927490234375000000e-01
-1.551628112792968750e-03 2.325439453125000000e-02 -1.927490234375000000e-01
-6.465911865234375000e-04 2.325439453125000000e-02 -1.927490234375000000e-01
2.582073211669921875e-04 2.325439453125000000e-02 -1.927490234375000000e-01
1.163482666015625000e-03 2.325439453125000000e-02 -1.927490234375000000e-01
2.079010009765625000e-03 2.337646484375000000e-02 -1.937255859375000000e-01
2.988815307617187500e-03 2.337646484375000000e-02 -1.937255859375000000e-01
3.917694091796875000e-03 2.349853515625000000e-02 -1.947021484375000000e-01
4.833221435546875000e-03 2.349853515625000000e-02 -1.947021484375000000e-01
5.775451660156250000e-03 2.362060546875000000e-02 -1.956787109375000000e-01
6.694793701171875000e-03 2.362060546875000000e-02 -1.956787109375000000e-01
7.656097412109375000e-03 2.372741699218750000e-02 -1.966552734375000000e-01
8.575439453125000000e-03 2.372741699218750000e-02 -1.966552734375000000e-01
9.552001953125000000e-03 2.384948730468750000e-02 -1.977539062500000000e-01
1.047515869140625000e-02 2.384948730468750000e-02 -1.977539062500000000e-01
1.140594482421875000e-02 2.384948730468750000e-02 -1.977539062500000000e-01
1.239776611328125000e-02 2.397155761718750000e-02 -1.987304687500000000e-01
1.339721679687500000e-02 2.409362792968750000e-02 -1.997070312500000000e-01
-1.644897460937500000e-02 2.293395996093750000e-02 -1.977539062500000000e-01
-1.551818847656250000e-02 2.293395996093750000e-02 -1.977539062500000000e-01
-1.459503173828125000e-02 2.293395996093750000e-02 -1.977539062500000000e-01
-1.359558105468750000e-02 2.281188964843750000e-02 -1.966552734375000000e-01
-1.267242431640625000e-02 2.281188964843750000e-02 -1.966552734375000000e-01
-1.174163818359375000e-02 2.281188964843750000e-02 -1.966552734375000000e-01
-1.076507568359375000e-02 2.268981933593750000e-02 -1.956787109375000000e-01
-9.849548339843750000e-03 2.268981933593750000e-02 -1.956787109375000000e-01
-8.926391601562500000e-03 2.268981933593750000e-02 -1.956787109375000000e-01
-7.965087890625000000e-03 2.258300781250000000e-02 -1.947021484375000000e-01
-7.053375244140625000e-03 2.258300781250000000e-02 -1.947021484375000000e-01
-6.107330322265625000e-03 2.246093750000000000e-02 -1.937255859375000000e-01
-5.199432373046875000e-03 2.246093750000000000e-02 -1.937255859375000000e-01
-4.287719726562500000e-03 2.246093750000000000e-02 -1.937255859375000000e-01
-3.360748291015625000e-03 2.233886718750000000e-02 -1.927490234375000000e-01
-2.456665039062500000e-03 2.233886718750000000e-02 -1.927490234375000000e-01
-1.551628112792968750e-03 2.233886718750000000e-02 -1.927490234375000000e-01
-6.465911865234375000e-04 2.233886718750000000e-02 -1.927490234375000000e-01
2.582073211669921875e-04 2.233886718750000000e-02 -1.927490234375000000e-01
1.169204711914062500e-03 2.246093750000000000e-02 -1.937255859375000000e-01
2.079010009765625000e-03 2.246093750000000000e-02 -1.937255859375000000e-01
3.004074096679687500e-03 2.258300781250000000e-02 -1.947021484375000000e-01
3.917694091796875000e-03 2.258300781250000000e-02 -1.947021484375000000e-01
4.856109619140625000e-03 2.268981933593750000e-02 -1.956787109375000000e-01
5.775451660156250000e-03 2.268981933593750000e-02 -1.956787109375000000e-01
6.729125976562500000e-03 2.281188964843750000e-02 -1.966552734375000000e-01
7.656097412109375000e-03 2.281188964843750000e-02 -1.966552734375000000e-01
8.621215820312500000e-03 2.293395996093750000e-02 -1.977539062500000000e-01
9.552001953125000000e-03 2.293395996093750000e-02 -1.977539062500000000e-01
1.047515869140625000e-02 2.293395996093750000e-02 -1.977539062500000000e-01
1.140594482421875000e-02 2.293395996093750000e-02 -1.977539062500000000e-01
1.239776611328125000e-02 2.304077148437500000e-02 -1.987304687500000000e-01
-1.644897460937500000e-02 2.200317382812500000e-02 -1.977539062500000000e-01
-1.551818847656250000e-02 2.200317382812500000e-02 -1.977539062500000000e-01
-1.459503173828125000e-02 2.200317382812500000e-02 -1.977539062500000000e-01
-1.366424560546875000e-02 2.200317382812500000e-02 -1.977539062500000000e-01
-1.267242431640625000e-02 2.188110351562500000e-02 -1.966552734375000000e-01
-1.174163818359375000e-02 2.188110351562500000e-02 -1.966552734375000000e-01
-1.081848144531250000e-02 2.188110351562500000e-02 -1.966552734375000000e-01
-9.849548339843750000e-03 2.177429199218750000e-02 -1.956787109375000000e-01
-8.926391601562500000e-03 2.177429199218750000e-02 -1.956787109375000000e-01
-8.010864257812500000e-03 2.177429199218750000e-02 -1.956787109375000000e-01
-7.053375244140625000e-03 2.166748046875000000e-02 -1.947021484375000000e-01
-6.137847900390625000e-03 2.166748046875000000e-02 -1.947021484375000000e-01
-5.199432373046875000e-03 2.154541015625000000e-02 -1.937255859375000000e-01
-4.287719726562500000e-03 2.154541015625000000e-02 -1.937255859375000000e-01
-3.379821777343750000e-03 2.154541015625000000e-02 -1.937255859375000000e-01
-2.470016479492187500e-03 2.154541015625000000e-02 -1.937255859375000000e-01
-1.559257507324218750e-03 2.154541015625000000e-02 -1.937255859375000000e-01
-6.499290466308593750e-04 2.154541015625000000e-02 -1.937255859375000000e-01
2.596378326416015625e-04 2.154541015625000000e-02 -1.937255859375000000e-01
1.169204711914062500e-03 2.154541015625000000e-02 -1.937255859375000000e-01
2.088546752929687500e-03 2.166748046875000000e-02 -1.947021484375000000e-01
3.004074096679687500e-03 2.166748046875000000e-02 -1.947021484375000000e-01
3.936767578125000000e-03 2.177429199218750000e-02 -1.956787109375000000e-01
4.856109619140625000e-03 2.177429199218750000e-02 -1.956787109375000000e-01
5.775451660156250000e-03 2.177429199218750000e-02 -1.956787109375000000e-01
6.729125976562500000e-03 2.188110351562500000e-02 -1.966552734375000000e-01
7.656097412109375000e-03 2.188110351562500000e-02 -1.966552734375000000e-01
8.621215820312500000e-03 2.200317382812500000e-02 -1.977539062500000000e-01
9.552001953125000000e-03 2.200317382812500000e-02 -1.977539062500000000e-01
1.047515869140625000e-02 2.200317382812500000e-02 -1.977539062500000000e-01
1.146697998046875000e-02 2.210998535156250000e-02 -1.987304687500000000e-01
1.239776611328125000e-02 2.210998535156250000e-02 -1.987304687500000000e-01
1.332855224609375000e-02 2.210998535156250000e-02 -1.987304687500000000e-01
-1.644897460937500000e-02 2.107238769531250000e-02 -1.977539062500000000e-01
-1.551818847656250000e-02 2.107238769531250000e-02 -1.977539062500000000e-01
-1.459503173828125000e-02 2.107238769531250000e-02 -1.977539062500000000e-01
-1.366424560546875000e-02 2.107238769531250000e-02 -1.977539062500000000e-01
-1.267242431640625000e-02 2.096557617187500000e-02 -1.966552734375000000e-01
-1.174163818359375000e-02 2.096557617187500000e-02 -1.966552734375000000e-01
-1.081848144531250000e-02 2.096557617187500000e-02 -1.966552734375000000e-01
-9.895324707031250000e-03 2.096557617187500000e-02 -1.966552734375000000e-01
-8.926391601562500000e-03 2.085876464843750000e-02 -1.956787109375000000e-01
-8.010864257812500000e-03 2.085876464843750000e-02 -1.956787109375000000e-01
-7.091522216796875000e-03 2.085876464843750000e-02 -1.956787109375000000e-01
-6.137847900390625000e-03 2.075195312500000000e-02 -1.947021484375000000e-01
-5.226135253906250000e-03 2.075195312500000000e-02 -1.947021484375000000e-01
-4.310607910156250000e-03 2.075195312500000000e-02 -1.947021484375000000e-01
-3.379821777343750000e-03 2.064514160156250000e-02 -1.937255859375000000e-01
-2.470016479492187500e-03 2.064514160156250000e-02 -1.937255859375000000e-01
-1.559257507324218750e-03 2.064514160156250000e-02 -1.937255859375000000e-01
-6.499290466308593750e-04 2.064514160156250000e-02 -1.937255859375000000e-01
2.596378326416015625e-04 2.064514160156250000e-02 -1.937255859375000000e-01
1.174926757812500000e-03 2.075195312500000000e-02 -1.947021484375000000e-01
2.088546752929687500e-03 2.075195312500000000e-02 -1.947021484375000000e-01
3.019332885742187500e-03 2.085876464843750000e-02 -1.956787109375000000e-01
3.936767578125000000e-03 2.085876464843750000e-02 -1.956787109375000000e-01
4.856109619140625000e-03 2.085876464843750000e-02 -1.956787109375000000e-01
5.805969238281250000e-03 2.096557617187500000e-02 -1.966552734375000000e-01
6.729125976562500000e-03 2.096557617187500000e-02 -1.966552734375000000e-01
7.694244384765625000e-03 2.107238769531250000e-02 -1.977539062500000000e-01
8.621215820312500000e-03 2.107238769531250000e-02 -1.977539062500000000e-01
9.552001953125000000e-03 2.107238769531250000e-02 -1.977539062500000000e-01
1.047515869140625000e-02 2.107238769531250000e-02 -1.977539062500000000e-01
1.146697998046875000e-02 2.117919921875000000e-02 -1.987304687500000000e-01
1.239776611328125000e-02 2.117919921875000000e-02 -1.987304687500000000e-01
1.332855224609375000e-02 2.117919921875000000e-02 -1.987304687500000000e-01
-1.644897460937500000e-02 2.014160156250000000e-02 -1.977539062500000000e-01
-1.551818847656250000e-02 2.014160156250000000e-02 -1.977539062500000000e-01
-1.459503173828125000e-02 2.014160156250000000e-02 -1.977539062500000000e-01
-1.366424560546875000e-02 2.014160156250000000e-02 -1.977539062500000000e-01
-1.273345947265625000e-02 2.014160156250000000e-02 -1.977539062500000000e-01
-1.174163818359375000e-02 2.003479003906250000e-02 -1.966552734375000000e-01
-1.081848144531250000e-02 2.003479003906250000e-02 -1.966552734375000000e-01
-9.895324707031250000e-03 2.003479003906250000e-02 -1.966552734375000000e-01
-8.926391601562500000e-03 1.992797851562500000e-02 -1.956787109375000000e-01
-8.010864257812500000e-03 1.992797851562500000e-02 -1.956787109375000000e-01
-7.091522216796875000e-03 1.992797851562500000e-02 -1.956787109375000000e-01
-6.172180175781250000e-03 1.992797851562500000e-02 -1.956787109375000000e-01
-5.226135253906250000e-03 1.983642578125000000e-02 -1.947021484375000000e-01
-4.310607910156250000e-03 1.983642578125000000e-02 -1.947021484375000000e-01
-3.396987915039062500e-03 1.983642578125000000e-02 -1.947021484375000000e-01
-2.481460571289062500e-03 1.983642578125000000e-02 -1.947021484375000000e-01
-1.567840576171875000e-03 1.983642578125000000e-02 -1.947021484375000000e-01
-6.532669067382812500e-04 1.983642578125000000e-02 -1.947021484375000000e-01
2.608299255371093750e-04 1.983642578125000000e-02 -1.947021484375000000e-01
1.174926757812500000e-03 1.983642578125000000e-02 -1.947021484375000000e-01
2.088546752929687500e-03 1.983642578125000000e-02 -1.947021484375000000e-01
3.019332885742187500e-03 1.992797851562500000e-02 -1.956787109375000000e-01
3.936767578125000000e-03 1.992797851562500000e-02 -1.956787109375000000e-01
4.882812500000000000e-03 2.003479003906250000e-02 -1.966552734375000000e-01
5.805969238281250000e-03 2.003479003906250000e-02 -1.966552734375000000e-01
6.729125976562500000e-03 2.003479003906250000e-02 -1.966552734375000000e-01
7.694244384765625000e-03 2.014160156250000000e-02 -1.977539062500000000e-01
8.621215820312500000e-03 2.014160156250000000e-02 -1.977539062500000000e-01
9.552001953125000000e-03 2.014160156250000000e-02 -1.977539062500000000e-01
1.052856445312500000e-02 2.024841308593750000e-02 -1.987304687500000000e-01
1.146697998046875000e-02 2.024841308593750000e-02 -1.987304687500000000e-01
1.239776611328125000e-02 2.024841308593750000e-02 -1.987304687500000000e-01
-1.644897460937500000e-02 1.921081542968750000e-02 -1.977539062500000000e-01
-1.551818847656250000e-02 1.921081542968750000e-02 -1.977539062500000000e-01
-1.459503173828125000e-02 1.921081542968750000e-02 -1.977539062500000000e-01
-1.366424560546875000e-02 1.921081542968750000e-02 -1.977539062500000000e-01
-1.273345947265625000e-02 1.921081542968750000e-02 -1.977539062500000000e-01
-1.174163818359375000e-02 1.911926269531250000e-02 -1.966552734375000000e-01
-1.081848144531250000e-02 1.911926269531250000e-02 -1.966552734375000000e-01
-9.895324707031250000e-03 1.911926269531250000e-02 -1.966552734375000000e-01
-8.972167968750000000e-03 1.911926269531250000e-02 -1.966552734375000000e-01
-8.010864257812500000e-03 1.901245117187500000e-02 -1.956787109375000000e-01
-7.091522216796875000e-03 1.901245117187500000e-02 -1.956787109375000000e-01
-6.172180175781250000e-03 1.901245117187500000e-02 -1.956787109375000000e-01
-5.252838134765625000e-03 1.901245117187500000e-02 -1.956787109375000000e-01
-4.310607910156250000e-03 1.892089843750000000e-02 -1.947021484375000000e-01
-3.396987915039062500e-03 1.892089843750000000e-02 -1.947021484375000000e-01
-2.481460571289062500e-03 1.892089843750000000e-02 -1.947021484375000000e-01
-1.567840576171875000e-03 1.892089843750000000e-02 -1.947021484375000000e-01
-6.532669067382812500e-04 1.892089843750000000e-02 -1.947021484375000000e-01
2.608299255371093750e-04 1.892089843750000000e-02 -1.947021484375000000e-01
1.174926757812500000e-03 1.892089843750000000e-02 -1.947021484375000000e-01
2.099990844726562500e-03 1.901245117187500000e-02 -1.956787109375000000e-01
3.019332885742187500e-03 1.901245117187500000e-02 -1.956787109375000000e-01
3.959655761718750000e-03 1.911926269531250000e-02 -1.966552734375000000e-01
4.882812500000000000e-03 1.911926269531250000e-02 -1.966552734375000000e-01
5.805969238281250000e-03 1.911926269531250000e-02 -1.966552734375000000e-01
6.763458251953125000e-03 1.921081542968750000e-02 -1.977539062500000000e-01
7.694244384765625000e-03 1.921081542968750000e-02 -1.977539062500000000e-01
8.621215820312500000e-03 1.921081542968750000e-02 -1.977539062500000000e-01
9.597778320312500000e-03 1.930236816406250000e-02 -1.987304687500000000e-01
1.052856445312500000e-02 1.930236816406250000e-02 -1.987304687500000000e-01
1.146697998046875000e-02 1.930236816406250000e-02 -1.987304687500000000e-01
1.239776611328125000e-02 1.930236816406250000e-02 -1.987304687500000000e-01
-1.551818847656250000e-02 1.828002929687500000e-02 -1.977539062500000000e-01
-1.459503173828125000e-02 1.828002929687500000e-02 -1.977539062500000000e-01
-1.366424560546875000e-02 1.828002929687500000e-02 -1.977539062500000000e-01
-1.273345947265625000e-02 1.828002929687500000e-02 -1.977539062500000000e-01
-1.180267333984375000e-02 1.828002929687500000e-02 -1.977539062500000000e-01
-1.081848144531250000e-02 1.818847656250000000e-02 -1.966552734375000000e-01
-9.895324707031250000e-03 1.818847656250000000e-02 -1.966552734375000000e-01
-8.972167968750000000e-03 1.818847656250000000e-02 -1.966552734375000000e-01
-8.049011230468750000e-03 1.818847656250000000e-02 -1.966552734375000000e-01
-7.091522216796875000e-03 1.809692382812500000e-02 -1.956787109375000000e-01
-6.172180175781250000e-03 1.809692382812500000e-02 -1.956787109375000000e-01
-5.252838134765625000e-03 1.809692382812500000e-02 -1.956787109375000000e-01
-4.333496093750000000e-03 1.809692382812500000e-02 -1.956787109375000000e-01
-3.414154052734375000e-03 1.809692382812500000e-02 -1.956787109375000000e-01
-2.481460571289062500e-03 1.800537109375000000e-02 -1.947021484375000000e-01
-1.567840576171875000e-03 1.800537109375000000e-02 -1.947021484375000000e-01
-6.532669067382812500e-04 1.800537109375000000e-02 -1.947021484375000000e-01
2.622604370117187500e-04 1.809692382812500000e-02 -1.956787109375000000e-01
1.181602478027343750e-03 1.809692382812500000e-02 -1.956787109375000000e-01
2.099990844726562500e-03 1.809692382812500000e-02 -1.956787109375000000e-01
3.034591674804687500e-03 1.818847656250000000e-02 -1.966552734375000000e-01
3.959655761718750000e-03 1.818847656250000000e-02 -1.966552734375000000e-01
4.882812500000000000e-03 1.818847656250000000e-02 -1.966552734375000000e-01
5.836486816406250000e-03 1.828002929687500000e-02 -1.977539062500000000e-01
6.763458251953125000e-03 1.828002929687500000e-02 -1.977539062500000000e-01
7.694244384765625000e-03 1.828002929687500000e-02 -1.977539062500000000e-01
8.666992187500000000e-03 1.837158203125000000e-02 -1.987304687500000000e-01
9.597778320312500000e-03 1.837158203125000000e-02 -1.987304687500000000e-01
1.052856445312500000e-02 1.837158203125000000e-02 -1.987304687500000000e-01
1.146697998046875000e-02 1.837158203125000000e-02 -1.987304687500000000e-01
1.245880126953125000e-02 1.846313476562500000e-02 -1.997070312500000000e-01
-1.551818847656250000e-02 1.734924316406250000e-02 -1.977539062500000000e-01
-1.459503173828125000e-02 1.734924316406250000e-02 -1.977539062500000000e-01
-1.366424560546875000e-02 1.734924316406250000e-02 -1.977539062500000000e-01
-1.273345947265625000e-02 1.734924316406250000e-02 -1.977539062500000000e-01
-1.180267333984375000e-02 1.734924316406250000e-02 -1.977539062500000000e-01
-1.087951660156250000e-02 1.734924316406250000e-02 -1.977539062500000000e-01
-9.895324707031250000e-03 1.727294921875000000e-02 -1.966552734375000000e-01
-8.972167968750000000e-03 1.727294921875000000e-02 -1.966552734375000000e-01
-8.049011230468750000e-03 1.727294921875000000e-02 -1.966552734375000000e-01
-7.125854492187500000e-03 1.727294921875000000e-02 -1.966552734375000000e-01
-6.172180175781250000e-03 1.718139648437500000e-02 -1.956787109375000000e-01
-5.252838134765625000e-03 1.718139648437500000e-02 -1.956787109375000000e-01
-4.333496093750000000e-03 1.718139648437500000e-02 -1.956787109375000000e-01
-3.414154052734375000e-03 1.718139648437500000e-02 -1.956787109375000000e-01
-2.494812011718750000e-03 1.718139648437500000e-02 -1.956787109375000000e-01
-1.575469970703125000e-03 1.718139648437500000e-02 -1.956787109375000000e-01
-6.566047668457031250e-04 1.718139648437500000e-02 -1.956787109375000000e-01
2.622604370117187500e-04 1.718139648437500000e-02 -1.956787109375000000e-01
1.181602478027343750e-03 1.718139648437500000e-02 -1.956787109375000000e-01
2.111434936523437500e-03 1.727294921875000000e-02 -1.966552734375000000e-01
3.034591674804687500e-03 1.727294921875000000e-02 -1.966552734375000000e-01
3.959655761718750000e-03 1.727294921875000000e-02 -1.966552734375000000e-01
4.905700683593750000e-03 1.734924316406250000e-02 -1.977539062500000000e-01
5.836486816406250000e-03 1.734924316406250000e-02 -1.977539062500000000e-01
6.797790527343750000e-03 1.744079589843750000e-02 -1.987304687500000000e-01
7.732391357421875000e-03 1.744079589843750000e-02 -1.987304687500000000e-01
8.666992187500000000e-03 1.744079589843750000e-02 -1.987304687500000000e-01
9.643554687500000000e-03 1.753234863281250000e-02 -1.997070312500000000e-01
1.058197021484375000e-02 1.753234863281250000e-02 -1.997070312500000000e-01
1.152038574218750000e-02 1.753234863281250000e-02 -1.997070312500000000e-01
1.245880126953125000e-02 1.753234863281250000e-02 -1.997070312500000000e-01
-1.560211181640625000e-02 1.651000976562500000e-02 -1.987304687500000000e-01
-1.366424560546875000e-02 1.641845703125000000e-02 -1.977539062500000000e-01
-1.273345947265625000e-02 1.641845703125000000e-02 -1.977539062500000000e-01
-1.180267333984375000e-02 1.641845703125000000e-02 -1.977539062500000000e-01
-1.087951660156250000e-02 1.641845703125000000e-02 -1.977539062500000000e-01
-9.948730468750000000e-03 1.641845703125000000e-02 -1.977539062500000000e-01
-8.972167968750000000e-03 1.634216308593750000e-02 -1.966552734375000000e-01
-8.049011230468750000e-03 1.634216308593750000e-02 -1.966552734375000000e-01
-7.125854492187500000e-03 1.634216308593750000e-02 -1.966552734375000000e-01
-6.202697753906250000e-03 1.634216308593750000e-02 -1.966552734375000000e-01
-5.279541015625000000e-03 1.634216308593750000e-02 -1.966552734375000000e-01
-4.333496093750000000e-03 1.625061035156250000e-02 -1.956787109375000000e-01
-3.414154052734375000e-03 1.625061035156250000e-02 -1.956787109375000000e-01
-2.494812011718750000e-03 1.625061035156250000e-02 -1.956787109375000000e-01
-1.575469970703125000e-03 1.625061035156250000e-02 -1.956787109375000000e-01
-6.566047668457031250e-04 1.625061035156250000e-02 -1.956787109375000000e-01
2.622604370117187500e-04 1.625061035156250000e-02 -1.956787109375000000e-01
1.187324523925781250e-03 1.634216308593750000e-02 -1.966552734375000000e-01
2.111434936523437500e-03 1.634216308593750000e-02 -1.966552734375000000e-01
3.034591674804687500e-03 1.634216308593750000e-02 -1.966552734375000000e-01
3.978729248046875000e-03 1.641845703125000000e-02 -1.977539062500000000e-01
4.905700683593750000e-03 1.641845703125000000e-02 -1.977539062500000000e-01
5.867004394531250000e-03 1.651000976562500000e-02 -1.987304687500000000e-01
6.797790527343750000e-03 1.651000976562500000e-02 -1.987304687500000000e-01
7.732391357421875000e-03 1.651000976562500000e-02 -1.987304687500000000e-01
8.705139160156250000e-03 1.658630371093750000e-02 -1.997070312500000000e-01
9.643554687500000000e-03 1.658630371093750000e-02 -1.997070312500000000e-01
1.058197021484375000e-02 1.658630371093750000e-02 -1.997070312500000000e-01
1.158142089843750000e-02 1.667785644531250000e-02 -2.006835937500000000e-01
1.251983642578125000e-02 1.667785644531250000e-02 -2.006835937500000000e-01
-1.366424560546875000e-02 1.550292968750000000e-02 -1.977539062500000000e-01
-1.273345947265625000e-02 1.550292968750000000e-02 -1.977539062500000000e-01
-1.180267333984375000e-02 1.550292968750000000e-02 -1.977539062500000000e-01
-1.087951660156250000e-02 1.550292968750000000e-02 -1.977539062500000000e-01
-9.948730468750000000e-03 1.550292968750000000e-02 -1.977539062500000000e-01
-9.017944335937500000e-03 1.550292968750000000e-02 -1.977539062500000000e-01
-8.087158203125000000e-03 1.550292968750000000e-02 -1.977539062500000000e-01
-7.125854492187500000e-03 1.541900634765625000e-02 -1.966552734375000000e-01
-6.202697753906250000e-03 1.541900634765625000e-02 -1.966552734375000000e-01
-5.279541015625000000e-03 1.541900634765625000e-02 -1.966552734375000000e-01
-4.356384277343750000e-03 1.541900634765625000e-02 -1.966552734375000000e-01
-3.431320190429687500e-03 1.541900634765625000e-02 -1.966552734375000000e-01
-2.508163452148437500e-03 1.541900634765625000e-02 -1.966552734375000000e-01
-1.584053039550781250e-03 1.541900634765625000e-02 -1.966552734375000000e-01
-6.599426269531250000e-04 1.541900634765625000e-02 -1.966552734375000000e-01
2.634525299072265625e-04 1.541900634765625000e-02 -1.966552734375000000e-01
1.187324523925781250e-03 1.541900634765625000e-02 -1.966552734375000000e-01
2.120971679687500000e-03 1.550292968750000000e-02 -1.977539062500000000e-01
3.049850463867187500e-03 1.550292968750000000e-02 -1.977539062500000000e-01
3.978729248046875000e-03 1.550292968750000000e-02 -1.977539062500000000e-01
4.932403564453125000e-03 1.557922363281250000e-02 -1.987304687500000000e-01
5.867004394531250000e-03 1.557922363281250000e-02 -1.987304687500000000e-01
6.832122802734375000e-03 1.565551757812500000e-02 -1.997070312500000000e-01
7.770538330078125000e-03 1.565551757812500000e-02 -1.997070312500000000e-01
8.750915527343750000e-03 1.573181152343750000e-02 -2.006835937500000000e-01
9.696960449218750000e-03 1.573181152343750000e-02 -2.006835937500000000e-01
1.063537597656250000e-02 1.573181152343750000e-02 -2.006835937500000000e-01
1.158142089843750000e-02 1.573181152343750000e-02 -2.006835937500000000e-01
1.251983642578125000e-02 1.573181152343750000e-02 -2.006835937500000000e-01
-1.280212402343750000e-02 1.464843750000000000e-02 -1.987304687500000000e-01
-1.180267333984375000e-02 1.457214355468750000e-02 -1.977539062500000000e-01
-1.087951660156250000e-02 1.457214355468750000e-02 -1.977539062500000000e-01
-9.948730468750000000e-03 1.457214355468750000e-02 -1.977539062500000000e-01
-9.017944335937500000e-03 1.457214355468750000e-02 -1.977539062500000000e-01
-8.087158203125000000e-03 1.457214355468750000e-02 -1.977539062500000000e-01
-7.164001464843750000e-03 1.457214355468750000e-02 -1.977539062500000000e-01
-6.233215332031250000e-03 1.457214355468750000e-02 -1.977539062500000000e-01
-5.306243896484375000e-03 1.457214355468750000e-02 -1.977539062500000000e-01
-4.356384277343750000e-03 1.449584960937500000e-02 -1.966552734375000000e-01
-3.431320190429687500e-03 1.449584960937500000e-02 -1.966552734375000000e-01
-2.508163452148437500e-03 1.449584960937500000e-02 -1.966552734375000000e-01
-1.584053039550781250e-03 1.449584960937500000e-02 -1.966552734375000000e-01
-6.599426269531250000e-04 1.449584960937500000e-02 -1.966552734375000000e-01
2.648830413818359375e-04 1.457214355468750000e-02 -1.977539062500000000e-01
1.193046569824218750e-03 1.457214355468750000e-02 -1.977539062500000000e-01
2.120971679687500000e-03 1.457214355468750000e-02 -1.977539062500000000e-01
3.065109252929687500e-03 1.464843750000000000e-02 -1.987304687500000000e-01
3.997802734375000000e-03 1.464843750000000000e-02 -1.987304687500000000e-01
4.955291748046875000e-03 1.471710205078125000e-02 -1.997070312500000000e-01
5.893707275390625000e-03 1.471710205078125000e-02 -1.997070312500000000e-01
6.832122802734375000e-03 1.471710205078125000e-02 -1.997070312500000000e-01
7.812500000000000000e-03 1.479339599609375000e-02 -2.006835937500000000e-01
8.750915527343750000e-03 1.479339599609375000e-02 -2.006835937500000000e-01
9.742736816406250000e-03 1.486968994140625000e-02 -2.017822265625000000e-01
1.068878173828125000e-02 1.486968994140625000e-02 -2.017822265625000000e-01
1.163482666015625000e-02 1.486968994140625000e-02 -2.017822265625000000e-01
1.258850097656250000e-02 1.486968994140625000e-02 -2.017822265625000000e-01
-1.373291015625000000e-02 1.371002197265625000e-02 -1.987304687500000000e-01
-1.280212402343750000e-02 1.371002197265625000e-02 -1.987304687500000000e-01
-1.186370849609375000e-02 1.371002197265625000e-02 -1.987304687500000000e-01
-1.093292236328125000e-02 1.371002197265625000e-02 -1.987304687500000000e-01
-1.000213623046875000e-02 1.371002197265625000e-02 -1.987304687500000000e-01
-9.063720703125000000e-03 1.371002197265625000e-02 -1.987304687500000000e-01
-8.132934570312500000e-03 1.371002197265625000e-02 -1.987304687500000000e-01
-7.164001464843750000e-03 1.364135742187500000e-02 -1.977539062500000000e-01
-6.233215332031250000e-03 1.364135742187500000e-02 -1.977539062500000000e-01
-5.306243896484375000e-03 1.364135742187500000e-02 -1.977539062500000000e-01
-4.375457763671875000e-03 1.364135742187500000e-02 -1.977539062500000000e-01
-3.448486328125000000e-03 1.364135742187500000e-02 -1.977539062500000000e-01
-2.519607543945312500e-03 1.364135742187500000e-02 -1.977539062500000000e-01
-1.591682434082031250e-03 1.364135742187500000e-02 -1.977539062500000000e-01
-6.632804870605468750e-04 1.364135742187500000e-02 -1.977539062500000000e-01
2.648830413818359375e-04 1.364135742187500000e-02 -1.977539062500000000e-01
1.199722290039062500e-03 1.371002197265625000e-02 -1.987304687500000000e-01
2.132415771484375000e-03 1.371002197265625000e-02 -1.987304687500000000e-01
3.065109252929687500e-03 1.371002197265625000e-02 -1.987304687500000000e-01
4.016876220703125000e-03 1.377868652343750000e-02 -1.997070312500000000e-01
4.955291748046875000e-03 1.377868652343750000e-02 -1.997070312500000000e-01
5.924224853515625000e-03 1.384735107421875000e-02 -2.006835937500000000e-01
6.866455078125000000e-03 1.384735107421875000e-02 -2.006835937500000000e-01
7.850646972656250000e-03 1.391601562500000000e-02 -2.017822265625000000e-01
8.796691894531250000e-03 1.391601562500000000e-02 -2.017822265625000000e-01
9.788513183593750000e-03 1.399230957031250000e-02 -2.027587890625000000e-01
1.074218750000000000e-02 1.399230957031250000e-02 -2.027587890625000000e-01
1.169586181640625000e-02 1.399230957031250000e-02 -2.027587890625000000e-01
1.264953613281250000e-02 1.399230957031250000e-02 -2.027587890625000000e-01
-1.380157470703125000e-02 1.284027099609375000e-02 -1.997070312500000000e-01
-1.280212402343750000e-02 1.277923583984375000e-02 -1.987304687500000000e-01
-1.186370849609375000e-02 1.277923583984375000e-02 -1.987304687500000000e-01
-1.093292236328125000e-02 1.277923583984375000e-02 -1.987304687500000000e-01
-1.000213623046875000e-02 1.277923583984375000e-02 -1.987304687500000000e-01
-9.063720703125000000e-03 1.277923583984375000e-02 -1.987304687500000000e-01
-8.132934570312500000e-03 1.277923583984375000e-02 -1.987304687500000000e-01
-7.198333740234375000e-03 1.277923583984375000e-02 -1.987304687500000000e-01
-6.267547607421875000e-03 1.277923583984375000e-02 -1.987304687500000000e-01
-5.332946777343750000e-03 1.277923583984375000e-02 -1.987304687500000000e-01
-4.398345947265625000e-03 1.277923583984375000e-02 -1.987304687500000000e-01
-3.467559814453125000e-03 1.277923583984375000e-02 -1.987304687500000000e-01
-2.519607543945312500e-03 1.271057128906250000e-02 -1.977539062500000000e-01
-1.600265502929687500e-03 1.277923583984375000e-02 -1.987304687500000000e-01
-6.670951843261718750e-04 1.277923583984375000e-02 -1.987304687500000000e-01
2.663135528564453125e-04 1.277923583984375000e-02 -1.987304687500000000e-01
1.199722290039062500e-03 1.277923583984375000e-02 -1.987304687500000000e-01
2.143859863281250000e-03 1.284027099609375000e-02 -1.997070312500000000e-01
3.082275390625000000e-03 1.284027099609375000e-02 -1.997070312500000000e-01
4.039764404296875000e-03 1.290893554687500000e-02 -2.006835937500000000e-01
4.981994628906250000e-03 1.290893554687500000e-02 -2.006835937500000000e-01
5.954742431640625000e-03 1.296997070312500000e-02 -2.017822265625000000e-01
6.900787353515625000e-03 1.296997070312500000e-02 -2.017822265625000000e-01
7.888793945312500000e-03 1.303863525390625000e-02 -2.027587890625000000e-01
8.842468261718750000e-03 1.303863525390625000e-02 -2.027587890625000000e-01
9.788513183593750000e-03 1.303863525390625000e-02 -2.027587890625000000e-01
1.079559326171875000e-02 1.309967041015625000e-02 -2.037353515625000000e-01
1.175689697265625000e-02 1.309967041015625000e-02 -2.037353515625000000e-01
1.271057128906250000e-02 1.309967041015625000e-02 -2.037353515625000000e-01
-1.280212402343750000e-02 1.184844970703125000e-02 -1.987304687500000000e-01
-1.186370849609375000e-02 1.184844970703125000e-02 -1.987304687500000000e-01
-1.093292236328125000e-02 1.184844970703125000e-02 -1.987304687500000000e-01
-1.004791259765625000e-02 1.190185546875000000e-02 -1.997070312500000000e-01
-9.109497070312500000e-03 1.190185546875000000e-02 -1.997070312500000000e-01
-8.171081542968750000e-03 1.190185546875000000e-02 -1.997070312500000000e-01
-7.236480712890625000e-03 1.190185546875000000e-02 -1.997070312500000000e-01
-6.298065185546875000e-03 1.190185546875000000e-02 -1.997070312500000000e-01
-5.332946777343750000e-03 1.184844970703125000e-02 -1.987304687500000000e-01
-4.398345947265625000e-03 1.184844970703125000e-02 -1.987304687500000000e-01
-3.467559814453125000e-03 1.184844970703125000e-02 -1.987304687500000000e-01
-2.532958984375000000e-03 1.184844970703125000e-02 -1.987304687500000000e-01
-1.600265502929687500e-03 1.184844970703125000e-02 -1.987304687500000000e-01
-6.670951843261718750e-04 1.184844970703125000e-02 -1.987304687500000000e-01
2.675056457519531250e-04 1.190185546875000000e-02 -1.997070312500000000e-01
1.205444335937500000e-03 1.190185546875000000e-02 -1.997070312500000000e-01
2.153396606445312500e-03 1.196289062500000000e-02 -2.006835937500000000e-01
3.097534179687500000e-03 1.196289062500000000e-02 -2.006835937500000000e-01
4.039764404296875000e-03 1.196289062500000000e-02 -2.006835937500000000e-01
5.004882812500000000e-03 1.202392578125000000e-02 -2.017822265625000000e-01
5.954742431640625000e-03 1.202392578125000000e-02 -2.017822265625000000e-01
6.935119628906250000e-03 1.208496093750000000e-02 -2.027587890625000000e-01
7.888793945312500000e-03 1.208496093750000000e-02 -2.027587890625000000e-01
8.880615234375000000e-03 1.214599609375000000e-02 -2.037353515625000000e-01
9.841918945312500000e-03 1.214599609375000000e-02 -2.037353515625000000e-01
1.079559326171875000e-02 1.214599609375000000e-02 -2.037353515625000000e-01
1.181030273437500000e-02 1.220703125000000000e-02 -2.047119140625000000e-01
1.277160644531250000e-02 1.220703125000000000e-02 -2.047119140625000000e-01
-1.098632812500000000e-02 1.096343994140625000e-02 -1.997070312500000000e-01
-1.004791259765625000e-02 1.096343994140625000e-02 -1.997070312500000000e-01
-9.109497070312500000e-03 1.096343994140625000e-02 -1.997070312500000000e-01
-8.216857910156250000e-03 1.102447509765625000e-02 -2.006835937500000000e-01
-7.270812988281250000e-03 1.102447509765625000e-02 -2.006835937500000000e-01
-6.298065185546875000e-03 1.096343994140625000e-02 -1.997070312500000000e-01
-5.359649658203125000e-03 1.096343994140625000e-02 -1.997070312500000000e-01
-4.421234130859375000e-03 1.096343994140625000e-02 -1.997070312500000000e-01
-3.484725952148437500e-03 1.096343994140625000e-02 -1.997070312500000000e-01
-2.546310424804687500e-03 1.096343994140625000e-02 -1.997070312500000000e-01
-1.607894897460937500e-03 1.096343994140625000e-02 -1.997070312500000000e-01
-6.704330444335937500e-04 1.096343994140625000e-02 -1.997070312500000000e-01
2.689361572265625000e-04 1.102447509765625000e-02 -2.006835937500000000e-01
1.211166381835937500e-03 1.102447509765625000e-02 -2.006835937500000000e-01
2.153396606445312500e-03 1.102447509765625000e-02 -2.006835937500000000e-01
3.112792968750000000e-03 1.107788085937500000e-02 -2.017822265625000000e-01
4.058837890625000000e-03 1.107788085937500000e-02 -2.017822265625000000e-01
5.031585693359375000e-03 1.113128662109375000e-02 -2.027587890625000000e-01
5.985260009765625000e-03 1.113128662109375000e-02 -2.027587890625000000e-01
6.969451904296875000e-03 1.118469238281250000e-02 -2.037353515625000000e-01
7.926940917968750000e-03 1.118469238281250000e-02 -2.037353515625000000e-01
8.926391601562500000e-03 1.124572753906250000e-02 -2.047119140625000000e-01
9.887695312500000000e-03 1.124572753906250000e-02 -2.047119140625000000e-01
1.084899902343750000e-02 1.124572753906250000e-02 -2.047119140625000000e-01
1.181030273437500000e-02 1.124572753906250000e-02 -2.047119140625000000e-01
1.277160644531250000e-02 1.124572753906250000e-02 -2.047119140625000000e-01
-1.010131835937500000e-02 1.007843017578125000e-02 -2.006835937500000000e-01
-9.155273437500000000e-03 1.007843017578125000e-02 -2.006835937500000000e-01
-8.216857910156250000e-03 1.007843017578125000e-02 -2.006835937500000000e-01
-7.270812988281250000e-03 1.007843017578125000e-02 -2.006835937500000000e-01
-6.328582763671875000e-03 1.007843017578125000e-02 -2.006835937500000000e-01
-5.386352539062500000e-03 1.007843017578125000e-02 -2.006835937500000000e-01
-4.444122314453125000e-03 1.007843017578125000e-02 -2.006835937500000000e-01
-3.501892089843750000e-03 1.007843017578125000e-02 -2.006835937500000000e-01
-2.559661865234375000e-03 1.007843017578125000e-02 -2.006835937500000000e-01
-1.616477966308593750e-03 1.007843017578125000e-02 -2.006835937500000000e-01
-6.737709045410156250e-04 1.007843017578125000e-02 -2.006835937500000000e-01
2.703666687011718750e-04 1.013183593750000000e-02 -2.017822265625000000e-01
1.217842102050781250e-03 1.013183593750000000e-02 -2.017822265625000000e-01
2.164840698242187500e-03 1.013183593750000000e-02 -2.017822265625000000e-01
3.128051757812500000e-03 1.017761230468750000e-02 -2.027587890625000000e-01
4.077911376953125000e-03 1.017761230468750000e-02 -2.027587890625000000e-01
5.058288574218750000e-03 1.023101806640625000e-02 -2.037353515625000000e-01
6.011962890625000000e-03 1.023101806640625000e-02 -2.037353515625000000e-01
7.003784179687500000e-03 1.027679443359375000e-02 -2.047119140625000000e-01
7.965087890625000000e-03 1.027679443359375000e-02 -2.047119140625000000e-01
8.926391601562500000e-03 1.027679443359375000e-02 -2.047119140625000000e-01
9.933471679687500000e-03 1.033020019531250000e-02 -2.056884765625000000e-01
1.090240478515625000e-02 1.033020019531250000e-02 -2.056884765625000000e-01
1.187133789062500000e-02 1.033020019531250000e-02 -2.056884765625000000e-01
1.284027099609375000e-02 1.033020019531250000e-02 -2.056884765625000000e-01
-1.020050048828125000e-02 9.223937988281250000e-03 -2.027587890625000000e-01
-9.201049804687500000e-03 9.178161621093750000e-03 -2.017822265625000000e-01
-8.255004882812500000e-03 9.178161621093750000e-03 -2.017822265625000000e-01
-7.308959960937500000e-03 9.178161621093750000e-03 -2.017822265625000000e-01
-6.362915039062500000e-03 9.178161621093750000e-03 -2.017822265625000000e-01
-5.413055419921875000e-03 9.178161621093750000e-03 -2.017822265625000000e-01
-4.467010498046875000e-03 9.178161621093750000e-03 -2.017822265625000000e-01
-3.519058227539062500e-03 9.178161621093750000e-03 -2.017822265625000000e-01
-2.571105957031250000e-03 9.178161621093750000e-03 -2.017822265625000000e-01
-1.624107360839843750e-03 9.178161621093750000e-03 -2.017822265625000000e-01
-6.771087646484375000e-04 9.178161621093750000e-03 -2.017822265625000000e-01
2.715587615966796875e-04 9.223937988281250000e-03 -2.027587890625000000e-01
1.223564147949218750e-03 9.223937988281250000e-03 -2.027587890625000000e-01
2.176284790039062500e-03 9.223937988281250000e-03 -2.027587890625000000e-01
3.143310546875000000e-03 9.269714355468750000e-03 -2.037353515625000000e-01
4.100799560546875000e-03 9.269714355468750000e-03 -2.037353515625000000e-01
5.081176757812500000e-03 9.315490722656250000e-03 -2.047119140625000000e-01
6.042480468750000000e-03 9.315490722656250000e-03 -2.047119140625000000e-01
7.003784179687500000e-03 9.315490722656250000e-03 -2.047119140625000000e-01
8.003234863281250000e-03 9.361267089843750000e-03 -2.056884765625000000e-01
8.972167968750000000e-03 9.361267089843750000e-03 -2.056884765625000000e-01
9.933471679687500000e-03 9.361267089843750000e-03 -2.056884765625000000e-01
1.090240478515625000e-02 9.361267089843750000e-03 -2.056884765625000000e-01
1.192474365234375000e-02 9.407043457031250000e-03 -2.067871093750000000e-01
-1.025390625000000000e-02 8.316040039062500000e-03 -2.037353515625000000e-01
-9.246826171875000000e-03 8.277893066406250000e-03 -2.027587890625000000e-01
-8.293151855468750000e-03 8.277893066406250000e-03 -2.027587890625000000e-01
-7.343292236328125000e-03 8.277893066406250000e-03 -2.027587890625000000e-01
-6.393432617187500000e-03 8.277893066406250000e-03 -2.027587890625000000e-01
-5.439758300781250000e-03 8.277893066406250000e-03 -2.027587890625000000e-01
-4.489898681640625000e-03 8.277893066406250000e-03 -2.027587890625000000e-01
-3.536224365234375000e-03 8.277893066406250000e-03 -2.027587890625000000e-01
-2.584457397460937500e-03 8.277893066406250000e-03 -2.027587890625000000e-01
-1.632690429687500000e-03 8.277893066406250000e-03 -2.027587890625000000e-01
-6.837844848632812500e-04 8.316040039062500000e-03 -2.037353515625000000e-01
2.715587615966796875e-04 8.277893066406250000e-03 -2.027587890625000000e-01
1.229286193847656250e-03 8.316040039062500000e-03 -2.037353515625000000e-01
2.185821533203125000e-03 8.316040039062500000e-03 -2.037353515625000000e-01
3.158569335937500000e-03 8.354187011718750000e-03 -2.047119140625000000e-01
4.119873046875000000e-03 8.354187011718750000e-03 -2.047119140625000000e-01
5.081176757812500000e-03 8.354187011718750000e-03 -2.047119140625000000e-01
6.072998046875000000e-03 8.399963378906250000e-03 -2.056884765625000000e-01
7.038116455078125000e-03 8.399963378906250000e-03 -2.056884765625000000e-01
8.003234863281250000e-03 8.399963378906250000e-03 -2.056884765625000000e-01
8.972167968750000000e-03 8.399963378906250000e-03 -2.056884765625000000e-01
9.986877441406250000e-03 8.438110351562500000e-03 -2.067871093750000000e-01
1.095581054687500000e-02 8.438110351562500000e-03 -2.067871093750000000e-01
-1.029968261718750000e-02 7.396697998046875000e-03 -2.047119140625000000e-01
-9.292602539062500000e-03 7.358551025390625000e-03 -2.037353515625000000e-01
-8.338928222656250000e-03 7.358551025390625000e-03 -2.037353515625000000e-01
-7.381439208984375000e-03 7.358551025390625000e-03 -2.037353515625000000e-01
-6.423950195312500000e-03 7.358551025390625000e-03 -2.037353515625000000e-01
-5.466461181640625000e-03 7.358551025390625000e-03 -2.037353515625000000e-01
-4.508972167968750000e-03 7.358551025390625000e-03 -2.037353515625000000e-01
-3.553390502929687500e-03 7.358551025390625000e-03 -2.037353515625000000e-01
-2.597808837890625000e-03 7.358551025390625000e-03 -2.037353515625000000e-01
-1.640319824218750000e-03 7.358551025390625000e-03 -2.037353515625000000e-01
-6.837844848632812500e-04 7.358551025390625000e-03 -2.037353515625000000e-01
2.729892730712890625e-04 7.358551025390625000e-03 -2.037353515625000000e-01
1.235961914062500000e-03 7.396697998046875000e-03 -2.047119140625000000e-01
2.197265625000000000e-03 7.396697998046875000e-03 -2.047119140625000000e-01
3.158569335937500000e-03 7.396697998046875000e-03 -2.047119140625000000e-01
4.138946533203125000e-03 7.434844970703125000e-03 -2.056884765625000000e-01
5.107879638671875000e-03 7.434844970703125000e-03 -2.056884765625000000e-01
6.072998046875000000e-03 7.434844970703125000e-03 -2.056884765625000000e-01
7.072448730468750000e-03 7.469177246093750000e-03 -2.067871093750000000e-01
8.041381835937500000e-03 7.469177246093750000e-03 -2.067871093750000000e-01
9.017944335937500000e-03 7.469177246093750000e-03 -2.067871093750000000e-01
9.986877441406250000e-03 7.469177246093750000e-03 -2.067871093750000000e-01
1.100921630859375000e-02 7.507324218750000000e-03 -2.077636718750000000e-01
-9.338378906250000000e-03 6.435394287109375000e-03 -2.047119140625000000e-01
-8.338928222656250000e-03 6.404876708984375000e-03 -2.037353515625000000e-01
-7.419586181640625000e-03 6.435394287109375000e-03 -2.047119140625000000e-01
-6.454467773437500000e-03 6.435394287109375000e-03 -2.047119140625000000e-01
-5.493164062500000000e-03 6.435394287109375000e-03 -2.047119140625000000e-01
-4.531860351562500000e-03 6.435394287109375000e-03 -2.047119140625000000e-01
-3.572463989257812500e-03 6.435394287109375000e-03 -2.047119140625000000e-01
-2.609252929687500000e-03 6.435394287109375000e-03 -2.047119140625000000e-01
-1.648902893066406250e-03 6.435394287109375000e-03 -2.047119140625000000e-01
-6.871223449707031250e-04 6.435394287109375000e-03 -2.047119140625000000e-01
2.744197845458984375e-04 6.435394287109375000e-03 -2.047119140625000000e-01
1.235961914062500000e-03 6.435394287109375000e-03 -2.047119140625000000e-01
2.208709716796875000e-03 6.465911865234375000e-03 -2.056884765625000000e-01
3.173828125000000000e-03 6.465911865234375000e-03 -2.056884765625000000e-01
4.138946533203125000e-03 6.465911865234375000e-03 -2.056884765625000000e-01
5.130767822265625000e-03 6.496429443359375000e-03 -2.067871093750000000e-01
6.103515625000000000e-03 6.496429443359375000e-03 -2.067871093750000000e-01
7.072448730468750000e-03 6.496429443359375000e-03 -2.067871093750000000e-01
8.041381835937500000e-03 6.496429443359375000e-03 -2.067871093750000000e-01
1.003265380859375000e-02 6.530761718750000000e-03 -2.077636718750000000e-01
-8.415222167968750000e-03 5.500793457031250000e-03 -2.056884765625000000e-01
-7.419586181640625000e-03 5.474090576171875000e-03 -2.047119140625000000e-01
-6.454467773437500000e-03 5.474090576171875000e-03 -2.047119140625000000e-01
-5.493164062500000000e-03 5.474090576171875000e-03 -2.047119140625000000e-01
-4.531860351562500000e-03 5.474090576171875000e-03 -2.047119140625000000e-01
-3.572463989257812500e-03 5.474090576171875000e-03 -2.047119140625000000e-01
-2.609252929687500000e-03 5.474090576171875000e-03 -2.047119140625000000e-01
-1.648902893066406250e-03 5.474090576171875000e-03 -2.047119140625000000e-01
-6.871223449707031250e-04 5.474090576171875000e-03 -2.047119140625000000e-01
2.756118774414062500e-04 5.500793457031250000e-03 -2.056884765625000000e-01
1.241683959960937500e-03 5.500793457031250000e-03 -2.056884765625000000e-01
2.208709716796875000e-03 5.500793457031250000e-03 -2.056884765625000000e-01
3.173828125000000000e-03 5.500793457031250000e-03 -2.056884765625000000e-01
4.161834716796875000e-03 5.527496337890625000e-03 -2.067871093750000000e-01
5.130767822265625000e-03 5.527496337890625000e-03 -2.067871093750000000e-01
6.103515625000000000e-03 5.527496337890625000e-03 -2.067871093750000000e-01
7.106781005859375000e-03 5.554199218750000000e-03 -2.077636718750000000e-01
8.079528808593750000e-03 5.554199218750000000e-03 -2.077636718750000000e-01
-8.415222167968750000e-03 4.531860351562500000e-03 -2.056884765625000000e-01
-7.453918457031250000e-03 4.531860351562500000e-03 -2.056884765625000000e-01
-6.488800048828125000e-03 4.531860351562500000e-03 -2.056884765625000000e-01
-5.519866943359375000e-03 4.531860351562500000e-03 -2.056884765625000000e-01
-4.554748535156250000e-03 4.531860351562500000e-03 -2.056884765625000000e-01
-3.589630126953125000e-03 4.531860351562500000e-03 -2.056884765625000000e-01
-2.622604370117187500e-03 4.531860351562500000e-03 -2.056884765625000000e-01
-1.656532287597656250e-03 4.531860351562500000e-03 -2.056884765625000000e-01
-6.904602050781250000e-04 4.531860351562500000e-03 -2.056884765625000000e-01
2.756118774414062500e-04 4.531860351562500000e-03 -2.056884765625000000e-01
1.241683959960937500e-03 4.531860351562500000e-03 -2.056884765625000000e-01
2.218246459960937500e-03 4.554748535156250000e-03 -2.067871093750000000e-01
3.189086914062500000e-03 4.554748535156250000e-03 -2.067871093750000000e-01
4.161834716796875000e-03 4.554748535156250000e-03 -2.067871093750000000e-01
5.157470703125000000e-03 4.577636718750000000e-03 -2.077636718750000000e-01
6.134033203125000000e-03 4.577636718750000000e-03 -2.077636718750000000e-01
7.106781005859375000e-03 4.577636718750000000e-03 -2.077636718750000000e-01
8.079528808593750000e-03 4.577636718750000000e-03 -2.077636718750000000e-01
-7.453918457031250000e-03 3.568649291992187500e-03 -2.056884765625000000e-01
-6.488800048828125000e-03 3.568649291992187500e-03 -2.056884765625000000e-01
-5.519866943359375000e-03 3.568649291992187500e-03 -2.056884765625000000e-01
-4.554748535156250000e-03 3.568649291992187500e-03 -2.056884765625000000e-01
-3.589630126953125000e-03 3.568649291992187500e-03 -2.056884765625000000e-01
-2.622604370117187500e-03 3.568649291992187500e-03 -2.056884765625000000e-01
-1.656532287597656250e-03 3.568649291992187500e-03 -2.056884765625000000e-01
-6.904602050781250000e-04 3.568649291992187500e-03 -2.056884765625000000e-01
2.756118774414062500e-04 3.568649291992187500e-03 -2.056884765625000000e-01
1.248359680175781250e-03 3.585815429687500000e-03 -2.067871093750000000e-01
2.218246459960937500e-03 3.585815429687500000e-03 -2.067871093750000000e-01
3.189086914062500000e-03 3.585815429687500000e-03 -2.067871093750000000e-01
4.161834716796875000e-03 3.585815429687500000e-03 -2.067871093750000000e-01
5.157470703125000000e-03 3.602981567382812500e-03 -2.077636718750000000e-01
6.134033203125000000e-03 3.602981567382812500e-03 -2.077636718750000000e-01
7.106781005859375000e-03 3.602981567382812500e-03 -2.077636718750000000e-01
-6.519317626953125000e-03 2.614974975585937500e-03 -2.067871093750000000e-01
-5.546569824218750000e-03 2.614974975585937500e-03 -2.067871093750000000e-01
-4.554748535156250000e-03 2.601623535156250000e-03 -2.056884765625000000e-01
-3.589630126953125000e-03 2.601623535156250000e-03 -2.056884765625000000e-01
-2.622604370117187500e-03 2.601623535156250000e-03 -2.056884765625000000e-01
-1.656532287597656250e-03 2.601623535156250000e-03 -2.056884765625000000e-01
-6.904602050781250000e-04 2.601623535156250000e-03 -2.056884765625000000e-01
2.770423889160156250e-04 2.614974975585937500e-03 -2.067871093750000000e-01
1.248359680175781250e-03 2.614974975585937500e-03 -2.067871093750000000e-01
2.218246459960937500e-03 2.614974975585937500e-03 -2.067871093750000000e-01
3.206253051757812500e-03 2.626419067382812500e-03 -2.077636718750000000e-01
4.180908203125000000e-03 2.626419067382812500e-03 -2.077636718750000000e-01
5.157470703125000000e-03 2.626419067382812500e-03 -2.077636718750000000e-01
-3.833770751953125000e-03 1.747131347656250000e-03 -2.198486328125000000e-01
-5.950927734375000000e-03 7.214546203613281250e-04 -2.218017578125000000e-01
-4.886627197265625000e-03 7.181167602539062500e-04 -2.208251953125000000e-01
-3.852844238281250000e-03 7.181167602539062500e-04 -2.208251953125000000e-01
-2.815246582031250000e-03 7.181167602539062500e-04 -2.208251953125000000e-01
-1.777648925781250000e-03 7.181167602539062500e-04 -2.208251953125000000e-01
-7.410049438476562500e-04 7.181167602539062500e-04 -2.208251953125000000e-01
2.973079681396484375e-04 7.214546203613281250e-04 -2.218017578125000000e-01
1.338958740234375000e-03 7.214546203613281250e-04 -2.218017578125000000e-01
-7.026672363281250000e-03 -3.216266632080078125e-04 -2.227783203125000000e-01
-5.950927734375000000e-03 -3.201961517333984375e-04 -2.218017578125000000e-01
-4.909515380859375000e-03 -3.201961517333984375e-04 -2.218017578125000000e-01
-3.870010375976562500e-03 -3.201961517333984375e-04 -2.218017578125000000e-01
-2.826690673828125000e-03 -3.201961517333984375e-04 -2.218017578125000000e-01
-1.786231994628906250e-03 -3.201961517333984375e-04 -2.218017578125000000e-01
-7.443428039550781250e-04 -3.201961517333984375e-04 -2.218017578125000000e-01
2.973079681396484375e-04 -3.201961517333984375e-04 -2.218017578125000000e-01
1.344680786132812500e-03 -3.216266632080078125e-04 -2.227783203125000000e-01
2.391815185546875000e-03 -3.216266632080078125e-04 -2.227783203125000000e-01
3.452301025390625000e-03 -3.230571746826171875e-04 -2.237548828125000000e-01
4.505157470703125000e-03 -3.230571746826171875e-04 -2.237548828125000000e-01
-5.977630615234375000e-03 -1.367568969726562500e-03 -2.227783203125000000e-01
-4.932403564453125000e-03 -1.367568969726562500e-03 -2.227783203125000000e-01
-3.887176513671875000e-03 -1.367568969726562500e-03 -2.227783203125000000e-01
-2.840042114257812500e-03 -1.367568969726562500e-03 -2.227783203125000000e-01
-1.793861389160156250e-03 -1.367568969726562500e-03 -2.227783203125000000e-01
-7.476806640625000000e-04 -1.367568969726562500e-03 -2.227783203125000000e-01
2.985000610351562500e-04 -1.367568969726562500e-03 -2.227783203125000000e-01
1.344680786132812500e-03 -1.367568969726562500e-03 -2.227783203125000000e-01
2.401351928710937500e-03 -1.374244689941406250e-03 -2.237548828125000000e-01
-6.008148193359375000e-03 -2.424240112304687500e-03 -2.237548828125000000e-01
-4.955291748046875000e-03 -2.424240112304687500e-03 -2.237548828125000000e-01
-3.887176513671875000e-03 -2.414703369140625000e-03 -2.227783203125000000e-01
-2.840042114257812500e-03 -2.414703369140625000e-03 -2.227783203125000000e-01
-1.793861389160156250e-03 -2.414703369140625000e-03 -2.227783203125000000e-01
-7.476806640625000000e-04 -2.414703369140625000e-03 -2.227783203125000000e-01
2.999305725097656250e-04 -2.424240112304687500e-03 -2.237548828125000000e-01
1.351356506347656250e-03 -2.424240112304687500e-03 -2.237548828125000000e-01
-3.904342651367187500e-03 -3.477096557617187500e-03 -2.237548828125000000e-01
-2.853393554687500000e-03 -3.477096557617187500e-03 -2.237548828125000000e-01
