-8.468627929687500000e-03 4.028320312500000000e-02 -2.338867187500000000e-01
-7.373809814453125000e-03 4.028320312500000000e-02 -2.338867187500000000e-01
-6.275177001953125000e-03 4.028320312500000000e-02 -2.338867187500000000e-01
-5.153656005859375000e-03 4.013061523437500000e-02 -2.327880859375000000e-01
-4.062652587890625000e-03 4.013061523437500000e-02 -2.327880859375000000e-01
-2.956390380859375000e-03 3.994750976562500000e-02 -2.318115234375000000e-01
-1.867294311523437500e-03 3.994750976562500000e-02 -2.318115234375000000e-01
-7.781982421875000000e-04 3.994750976562500000e-02 -2.318115234375000000e-01
3.106594085693359375e-04 3.994750976562500000e-02 -2.318115234375000000e-01
-1.181793212890625000e-02 3.936767578125000000e-02 -2.348632812500000000e-01
-1.071166992187500000e-02 3.936767578125000000e-02 -2.348632812500000000e-01
-9.567260742187500000e-03 3.918457031250000000e-02 -2.338867187500000000e-01
-8.468627929687500000e-03 3.918457031250000000e-02 -2.338867187500000000e-01
-7.373809814453125000e-03 3.918457031250000000e-02 -2.338867187500000000e-01
-6.248474121093750000e-03 3.903198242187500000e-02 -2.327880859375000000e-01
-5.134582519531250000e-03 3.884887695312500000e-02 -2.318115234375000000e-01
-4.043579101562500000e-03 3.884887695312500000e-02 -2.318115234375000000e-01
-2.956390380859375000e-03 3.884887695312500000e-02 -2.318115234375000000e-01
-1.867294311523437500e-03 3.884887695312500000e-02 -2.318115234375000000e-01
-7.781982421875000000e-04 3.884887695312500000e-02 -2.318115234375000000e-01
3.106594085693359375e-04 3.884887695312500000e-02 -2.318115234375000000e-01
1.399040222167968750e-03 3.884887695312500000e-02 -2.318115234375000000e-01
2.487182617187500000e-03 3.884887695312500000e-02 -2.318115234375000000e-01
-1.512908935546875000e-02 3.826904296875000000e-02 -2.348632812500000000e-01
-1.402282714843750000e-02 3.826904296875000000e-02 -2.348632812500000000e-01
-1.291656494140625000e-02 3.826904296875000000e-02 -2.348632812500000000e-01
-1.181793212890625000e-02 3.826904296875000000e-02 -2.348632812500000000e-01
-1.066589355468750000e-02 3.808593750000000000e-02 -2.338867187500000000e-01
-9.567260742187500000e-03 3.808593750000000000e-02 -2.338867187500000000e-01
-8.468627929687500000e-03 3.808593750000000000e-02 -2.338867187500000000e-01
-7.343292236328125000e-03 3.793334960937500000e-02 -2.327880859375000000e-01
-6.221771240234375000e-03 3.778076171875000000e-02 -2.318115234375000000e-01
-5.134582519531250000e-03 3.778076171875000000e-02 -2.318115234375000000e-01
-4.043579101562500000e-03 3.778076171875000000e-02 -2.318115234375000000e-01
-2.956390380859375000e-03 3.778076171875000000e-02 -2.318115234375000000e-01
-1.867294311523437500e-03 3.778076171875000000e-02 -2.318115234375000000e-01
-7.781982421875000000e-04 3.778076171875000000e-02 -2.318115234375000000e-01
3.106594085693359375e-04 3.778076171875000000e-02 -2.318115234375000000e-01
1.399040222167968750e-03 3.778076171875000000e-02 -2.318115234375000000e-01
2.487182617187500000e-03 3.778076171875000000e-02 -2.318115234375000000e-01
3.576278686523437500e-03 3.778076171875000000e-02 -2.318115234375000000e-01
-1.512908935546875000e-02 3.717041015625000000e-02 -2.348632812500000000e-01
-1.402282714843750000e-02 3.717041015625000000e-02 -2.348632812500000000e-01
-1.291656494140625000e-02 3.717041015625000000e-02 -2.348632812500000000e-01
-1.176452636718750000e-02 3.698730468750000000e-02 -2.338867187500000000e-01
-1.066589355468750000e-02 3.698730468750000000e-02 -2.338867187500000000e-01
-9.529113769531250000e-03 3.683471679687500000e-02 -2.327880859375000000e-01
-8.438110351562500000e-03 3.683471679687500000e-02 -2.327880859375000000e-01
-7.312774658203125000e-03 3.668212890625000000e-02 -2.318115234375000000e-01
-6.221771240234375000e-03 3.668212890625000000e-02 -2.318115234375000000e-01
-5.134582519531250000e-03 3.668212890625000000e-02 -2.318115234375000000e-01
-4.024505615234375000e-03 3.652954101562500000e-02 -2.308349609375000000e-01
-2.943038940429687500e-03 3.652954101562500000e-02 -2.308349609375000000e-01
-1.858711242675781250e-03 3.652954101562500000e-02 -2.308349609375000000e-01
-7.748603820800781250e-04 3.652954101562500000e-02 -2.308349609375000000e-01
3.092288970947265625e-04 3.652954101562500000e-02 -2.308349609375000000e-01
1.393318176269531250e-03 3.652954101562500000e-02 -2.308349609375000000e-01
2.487182617187500000e-03 3.668212890625000000e-02 -2.318115234375000000e-01
3.576278686523437500e-03 3.668212890625000000e-02 -2.318115234375000000e-01
4.646301269531250000e-03 3.652954101562500000e-02 -2.308349609375000000e-01
-1.622009277343750000e-02 3.604125976562500000e-02 -2.348632812500000000e-01
-1.512908935546875000e-02 3.604125976562500000e-02 -2.348632812500000000e-01
-1.396179199218750000e-02 3.588867187500000000e-02 -2.338867187500000000e-01
-1.286315917968750000e-02 3.588867187500000000e-02 -2.338867187500000000e-01
-1.176452636718750000e-02 3.588867187500000000e-02 -2.338867187500000000e-01
-1.062011718750000000e-02 3.573608398437500000e-02 -2.327880859375000000e-01
-9.529113769531250000e-03 3.573608398437500000e-02 -2.327880859375000000e-01
-8.399963378906250000e-03 3.558349609375000000e-02 -2.318115234375000000e-01
-7.312774658203125000e-03 3.558349609375000000e-02 -2.318115234375000000e-01
-6.195068359375000000e-03 3.543090820312500000e-02 -2.308349609375000000e-01
-5.111694335937500000e-03 3.543090820312500000e-02 -2.308349609375000000e-01
-4.024505615234375000e-03 3.543090820312500000e-02 -2.308349609375000000e-01
-2.943038940429687500e-03 3.543090820312500000e-02 -2.308349609375000000e-01
-1.858711242675781250e-03 3.543090820312500000e-02 -2.308349609375000000e-01
-7.748603820800781250e-04 3.543090820312500000e-02 -2.308349609375000000e-01
3.092288970947265625e-04 3.543090820312500000e-02 -2.308349609375000000e-01
1.393318176269531250e-03 3.543090820312500000e-02 -2.308349609375000000e-01
2.477645874023437500e-03 3.543090820312500000e-02 -2.308349609375000000e-01
3.561019897460937500e-03 3.543090820312500000e-02 -2.308349609375000000e-01
4.646301269531250000e-03 3.543090820312500000e-02 -2.308349609375000000e-01
-1.615905761718750000e-02 3.479003906250000000e-02 -2.338867187500000000e-01
-1.506042480468750000e-02 3.479003906250000000e-02 -2.338867187500000000e-01
-1.396179199218750000e-02 3.479003906250000000e-02 -2.338867187500000000e-01
-1.286315917968750000e-02 3.479003906250000000e-02 -2.338867187500000000e-01
-1.171875000000000000e-02 3.463745117187500000e-02 -2.327880859375000000e-01
-1.062011718750000000e-02 3.463745117187500000e-02 -2.327880859375000000e-01
-9.490966796875000000e-03 3.451538085937500000e-02 -2.318115234375000000e-01
-8.361816406250000000e-03 3.436279296875000000e-02 -2.308349609375000000e-01
-7.278442382812500000e-03 3.436279296875000000e-02 -2.308349609375000000e-01
-6.168365478515625000e-03 3.421020507812500000e-02 -2.298583984375000000e-01
-5.088806152343750000e-03 3.421020507812500000e-02 -2.298583984375000000e-01
-4.009246826171875000e-03 3.421020507812500000e-02 -2.298583984375000000e-01
-2.929687500000000000e-03 3.421020507812500000e-02 -2.298583984375000000e-01
-1.851081848144531250e-03 3.421020507812500000e-02 -2.298583984375000000e-01
-7.715225219726562500e-04 3.421020507812500000e-02 -2.298583984375000000e-01
3.092288970947265625e-04 3.436279296875000000e-02 -2.308349609375000000e-01
1.393318176269531250e-03 3.436279296875000000e-02 -2.308349609375000000e-01
2.477645874023437500e-03 3.436279296875000000e-02 -2.308349609375000000e-01
3.561019897460937500e-03 3.436279296875000000e-02 -2.308349609375000000e-01
4.646301269531250000e-03 3.436279296875000000e-02 -2.308349609375000000e-01
-1.615905761718750000e-02 3.369140625000000000e-02 -2.338867187500000000e-01
-1.506042480468750000e-02 3.369140625000000000e-02 -2.338867187500000000e-01
-1.396179199218750000e-02 3.369140625000000000e-02 -2.338867187500000000e-01
-1.286315917968750000e-02 3.369140625000000000e-02 -2.338867187500000000e-01
-1.166534423828125000e-02 3.341674804687500000e-02 -2.318115234375000000e-01
-1.052856445312500000e-02 3.326416015625000000e-02 -2.308349609375000000e-01
-9.445190429687500000e-03 3.326416015625000000e-02 -2.308349609375000000e-01
-8.323669433593750000e-03 3.311157226562500000e-02 -2.298583984375000000e-01
-7.247924804687500000e-03 3.311157226562500000e-02 -2.298583984375000000e-01
-6.141662597656250000e-03 3.298950195312500000e-02 -2.288818359375000000e-01
-5.065917968750000000e-03 3.298950195312500000e-02 -2.288818359375000000e-01
-3.990173339843750000e-03 3.298950195312500000e-02 -2.288818359375000000e-01
-2.916336059570312500e-03 3.298950195312500000e-02 -2.288818359375000000e-01
-1.851081848144531250e-03 3.311157226562500000e-02 -2.298583984375000000e-01
-7.715225219726562500e-04 3.311157226562500000e-02 -2.298583984375000000e-01
3.080368041992187500e-04 3.311157226562500000e-02 -2.298583984375000000e-01
1.387596130371093750e-03 3.311157226562500000e-02 -2.298583984375000000e-01
2.466201782226562500e-03 3.311157226562500000e-02 -2.298583984375000000e-01
3.561019897460937500e-03 3.326416015625000000e-02 -2.308349609375000000e-01
4.646301269531250000e-03 3.326416015625000000e-02 -2.308349609375000000e-01
-1.615905761718750000e-02 3.259277343750000000e-02 -2.338867187500000000e-01
-1.506042480468750000e-02 3.259277343750000000e-02 -2.338867187500000000e-01
-1.390075683593750000e-02 3.247070312500000000e-02 -2.327880859375000000e-01
-1.280975341796875000e-02 3.247070312500000000e-02 -2.327880859375000000e-01
-1.166534423828125000e-02 3.231811523437500000e-02 -2.318115234375000000e-01
-1.048278808593750000e-02 3.204345703125000000e-02 -2.298583984375000000e-01
-9.407043457031250000e-03 3.204345703125000000e-02 -2.298583984375000000e-01
-8.255004882812500000e-03 3.176879882812500000e-02 -2.277832031250000000e-01
-7.217407226562500000e-03 3.189086914062500000e-02 -2.288818359375000000e-01
-6.114959716796875000e-03 3.176879882812500000e-02 -2.277832031250000000e-01
-5.043029785156250000e-03 3.176879882812500000e-02 -2.277832031250000000e-01
-3.974914550781250000e-03 3.176879882812500000e-02 -2.277832031250000000e-01
-2.916336059570312500e-03 3.189086914062500000e-02 -2.288818359375000000e-01
-1.842498779296875000e-03 3.189086914062500000e-02 -2.288818359375000000e-01
-7.715225219726562500e-04 3.204345703125000000e-02 -2.298583984375000000e-01
3.080368041992187500e-04 3.204345703125000000e-02 -2.298583984375000000e-01
1.387596130371093750e-03 3.204345703125000000e-02 -2.298583984375000000e-01
2.466201782226562500e-03 3.204345703125000000e-02 -2.298583984375000000e-01
3.545761108398437500e-03 3.204345703125000000e-02 -2.298583984375000000e-01
-1.390075683593750000e-02 3.137207031250000000e-02 -2.327880859375000000e-01
-1.043701171875000000e-02 3.083801269531250000e-02 -2.288818359375000000e-01
-9.361267089843750000e-03 3.083801269531250000e-02 -2.288818359375000000e-01
-8.216857910156250000e-03 3.056335449218750000e-02 -2.268066406250000000e-01
-7.183074951171875000e-03 3.070068359375000000e-02 -2.277832031250000000e-01
-6.088256835937500000e-03 3.056335449218750000e-02 -2.268066406250000000e-01
-5.020141601562500000e-03 3.056335449218750000e-02 -2.268066406250000000e-01
-3.936767578125000000e-03 3.042602539062500000e-02 -2.258300781250000000e-01
-2.840042114257812500e-03 3.002929687500000000e-02 -2.227783203125000000e-01
-1.793861389160156250e-03 3.002929687500000000e-02 -2.227783203125000000e-01
-1.043701171875000000e-02 2.975463867187500000e-02 -2.288818359375000000e-01
-9.323120117187500000e-03 2.963256835937500000e-02 -2.277832031250000000e-01
-8.110046386718750000e-03 2.911376953125000000e-02 -2.237548828125000000e-01
-7.122039794921875000e-03 2.937316894531250000e-02 -2.258300781250000000e-01
-6.061553955078125000e-03 2.937316894531250000e-02 -2.258300781250000000e-01
-5.001068115234375000e-03 2.937316894531250000e-02 -2.258300781250000000e-01
-3.936767578125000000e-03 2.937316894531250000e-02 -2.258300781250000000e-01
-2.826690673828125000e-03 2.883911132812500000e-02 -2.218017578125000000e-01
-1.777648925781250000e-03 2.871704101562500000e-02 -2.208251953125000000e-01
-7.343292236328125000e-04 2.845764160156250000e-02 -2.187500000000000000e-01
2.932548522949218750e-04 2.845764160156250000e-02 -2.187500000000000000e-01
1.314163208007812500e-03 2.832031250000000000e-02 -2.177734375000000000e-01
2.336502075195312500e-03 2.832031250000000000e-02 -2.177734375000000000e-01
3.360748291015625000e-03 2.832031250000000000e-02 -2.177734375000000000e-01
4.383087158203125000e-03 2.832031250000000000e-02 -2.177734375000000000e-01
-9.078979492187500000e-03 2.780151367187500000e-02 -2.218017578125000000e-01
-8.071899414062500000e-03 2.792358398437500000e-02 -2.227783203125000000e-01
-7.122039794921875000e-03 2.830505371093750000e-02 -2.258300781250000000e-01
-6.061553955078125000e-03 2.830505371093750000e-02 -2.258300781250000000e-01
-2.801895141601562500e-03 2.755737304687500000e-02 -2.198486328125000000e-01
-1.770019531250000000e-03 2.755737304687500000e-02 -2.198486328125000000e-01
-7.343292236328125000e-04 2.742004394531250000e-02 -2.187500000000000000e-01
2.918243408203125000e-04 2.729797363281250000e-02 -2.177734375000000000e-01
1.314163208007812500e-03 2.729797363281250000e-02 -2.177734375000000000e-01
2.336502075195312500e-03 2.729797363281250000e-02 -2.177734375000000000e-01
3.360748291015625000e-03 2.729797363281250000e-02 -2.177734375000000000e-01
4.383087158203125000e-03 2.729797363281250000e-02 -2.177734375000000000e-01
5.405426025390625000e-03 2.729797363281250000e-02 -2.177734375000000000e-01
-1.416015625000000000e-02 2.651977539062500000e-02 -2.198486328125000000e-01
-1.312255859375000000e-02 2.651977539062500000e-02 -2.198486328125000000e-01
-1.214599609375000000e-02 2.664184570312500000e-02 -2.208251953125000000e-01
-1.110839843750000000e-02 2.664184570312500000e-02 -2.208251953125000000e-01
-1.002502441406250000e-02 2.651977539062500000e-02 -2.198486328125000000e-01
-9.033203125000000000e-03 2.664184570312500000e-02 -2.208251953125000000e-01
-8.033752441406250000e-03 2.676391601562500000e-02 -2.218017578125000000e-01
-2.788543701171875000e-03 2.639770507812500000e-02 -2.187500000000000000e-01
-1.761436462402343750e-03 2.639770507812500000e-02 -2.187500000000000000e-01
-7.309913635253906250e-04 2.627563476562500000e-02 -2.177734375000000000e-01
2.918243408203125000e-04 2.627563476562500000e-02 -2.177734375000000000e-01
1.308441162109375000e-03 2.615356445312500000e-02 -2.167968750000000000e-01
2.326965332031250000e-03 2.615356445312500000e-02 -2.167968750000000000e-01
3.345489501953125000e-03 2.615356445312500000e-02 -2.167968750000000000e-01
4.364013671875000000e-03 2.615356445312500000e-02 -2.167968750000000000e-01
5.378723144531250000e-03 2.615356445312500000e-02 -2.167968750000000000e-01
6.397247314453125000e-03 2.615356445312500000e-02 -2.167968750000000000e-01
-1.725769042968750000e-02 2.548217773437500000e-02 -2.198486328125000000e-01
-1.622009277343750000e-02 2.548217773437500000e-02 -2.198486328125000000e-01
-1.519012451171875000e-02 2.548217773437500000e-02 -2.198486328125000000e-01
-1.416015625000000000e-02 2.548217773437500000e-02 -2.198486328125000000e-01
-1.312255859375000000e-02 2.548217773437500000e-02 -2.198486328125000000e-01
-1.203918457031250000e-02 2.537536621093750000e-02 -2.187500000000000000e-01
-1.100921630859375000e-02 2.537536621093750000e-02 -2.187500000000000000e-01
-1.002502441406250000e-02 2.548217773437500000e-02 -2.198486328125000000e-01
-8.995056152343750000e-03 2.548217773437500000e-02 -2.198486328125000000e-01
-7.995605468750000000e-03 2.560424804687500000e-02 -2.208251953125000000e-01
-6.931304931640625000e-03 2.548217773437500000e-02 -2.198486328125000000e-01
-4.776000976562500000e-03 2.502441406250000000e-02 -2.158203125000000000e-01
-3.782272338867187500e-03 2.513122558593750000e-02 -2.167968750000000000e-01
-2.788543701171875000e-03 2.537536621093750000e-02 -2.187500000000000000e-01
-1.753807067871093750e-03 2.525329589843750000e-02 -2.177734375000000000e-01
-7.309913635253906250e-04 2.525329589843750000e-02 -2.177734375000000000e-01
2.903938293457031250e-04 2.513122558593750000e-02 -2.167968750000000000e-01
1.308441162109375000e-03 2.513122558593750000e-02 -2.167968750000000000e-01
2.326965332031250000e-03 2.513122558593750000e-02 -2.167968750000000000e-01
3.345489501953125000e-03 2.513122558593750000e-02 -2.167968750000000000e-01
4.364013671875000000e-03 2.513122558593750000e-02 -2.167968750000000000e-01
5.378723144531250000e-03 2.513122558593750000e-02 -2.167968750000000000e-01
6.397247314453125000e-03 2.513122558593750000e-02 -2.167968750000000000e-01
7.415771484375000000e-03 2.513122558593750000e-02 -2.167968750000000000e-01
-1.716613769531250000e-02 2.433776855468750000e-02 -2.187500000000000000e-01
-1.614379882812500000e-02 2.433776855468750000e-02 -2.187500000000000000e-01
-1.512145996093750000e-02 2.433776855468750000e-02 -2.187500000000000000e-01
-1.409149169921875000e-02 2.433776855468750000e-02 -2.187500000000000000e-01
-1.306152343750000000e-02 2.433776855468750000e-02 -2.187500000000000000e-01
-1.203918457031250000e-02 2.433776855468750000e-02 -2.187500000000000000e-01
-1.100921630859375000e-02 2.433776855468750000e-02 -2.187500000000000000e-01
-9.979248046875000000e-03 2.433776855468750000e-02 -2.187500000000000000e-01
-8.949279785156250000e-03 2.433776855468750000e-02 -2.187500000000000000e-01
-7.965087890625000000e-03 2.445983886718750000e-02 -2.198486328125000000e-01
-6.931304931640625000e-03 2.445983886718750000e-02 -2.198486328125000000e-01
-5.764007568359375000e-03 2.389526367187500000e-02 -2.147216796875000000e-01
-4.753112792968750000e-03 2.389526367187500000e-02 -2.147216796875000000e-01
-2.750396728515625000e-03 2.400207519531250000e-02 -2.158203125000000000e-01
-1.737594604492187500e-03 2.400207519531250000e-02 -2.158203125000000000e-01
-7.243156433105468750e-04 2.400207519531250000e-02 -2.158203125000000000e-01
2.892017364501953125e-04 2.400207519531250000e-02 -2.158203125000000000e-01
1.302719116210937500e-03 2.400207519531250000e-02 -2.158203125000000000e-01
2.315521240234375000e-03 2.400207519531250000e-02 -2.158203125000000000e-01
3.328323364257812500e-03 2.400207519531250000e-02 -2.158203125000000000e-01
4.341125488281250000e-03 2.400207519531250000e-02 -2.158203125000000000e-01
5.355834960937500000e-03 2.400207519531250000e-02 -2.158203125000000000e-01
6.370544433593750000e-03 2.400207519531250000e-02 -2.158203125000000000e-01
7.381439208984375000e-03 2.400207519531250000e-02 -2.158203125000000000e-01
8.392333984375000000e-03 2.400207519531250000e-02 -2.158203125000000000e-01
-1.716613769531250000e-02 2.331542968750000000e-02 -2.187500000000000000e-01
-1.614379882812500000e-02 2.331542968750000000e-02 -2.187500000000000000e-01
-1.512145996093750000e-02 2.331542968750000000e-02 -2.187500000000000000e-01
-1.403045654296875000e-02 2.320861816406250000e-02 -2.177734375000000000e-01
-1.300048828125000000e-02 2.320861816406250000e-02 -2.177734375000000000e-01
-1.197814941406250000e-02 2.320861816406250000e-02 -2.177734375000000000e-01
-1.095581054687500000e-02 2.320861816406250000e-02 -2.177734375000000000e-01
-9.933471679687500000e-03 2.320861816406250000e-02 -2.177734375000000000e-01
-8.911132812500000000e-03 2.320861816406250000e-02 -2.177734375000000000e-01
-7.850646972656250000e-03 2.310180664062500000e-02 -2.167968750000000000e-01
-5.764007568359375000e-03 2.288818359375000000e-02 -2.147216796875000000e-01
-4.753112792968750000e-03 2.288818359375000000e-02 -2.147216796875000000e-01
-2.737045288085937500e-03 2.288818359375000000e-02 -2.147216796875000000e-01
-1.721382141113281250e-03 2.278137207031250000e-02 -2.137451171875000000e-01
-7.209777832031250000e-04 2.288818359375000000e-02 -2.147216796875000000e-01
2.863407135009765625e-04 2.278137207031250000e-02 -2.137451171875000000e-01
1.296043395996093750e-03 2.288818359375000000e-02 -2.147216796875000000e-01
2.304077148437500000e-03 2.288818359375000000e-02 -2.147216796875000000e-01
3.313064575195312500e-03 2.288818359375000000e-02 -2.147216796875000000e-01
4.322052001953125000e-03 2.288818359375000000e-02 -2.147216796875000000e-01
5.355834960937500000e-03 2.299499511718750000e-02 -2.158203125000000000e-01
6.370544433593750000e-03 2.299499511718750000e-02 -2.158203125000000000e-01
7.381439208984375000e-03 2.299499511718750000e-02 -2.158203125000000000e-01
8.392333984375000000e-03 2.299499511718750000e-02 -2.158203125000000000e-01
9.407043457031250000e-03 2.299499511718750000e-02 -2.158203125000000000e-01
-1.828002929687500000e-02 2.238464355468750000e-02 -2.198486328125000000e-01
-1.708984375000000000e-02 2.218627929687500000e-02 -2.177734375000000000e-01
-1.606750488281250000e-02 2.218627929687500000e-02 -2.177734375000000000e-01
-1.505279541015625000e-02 2.218627929687500000e-02 -2.177734375000000000e-01
-1.403045654296875000e-02 2.218627929687500000e-02 -2.177734375000000000e-01
-1.294708251953125000e-02 2.207946777343750000e-02 -2.167968750000000000e-01
-1.192474365234375000e-02 2.207946777343750000e-02 -2.167968750000000000e-01
-1.091003417968750000e-02 2.207946777343750000e-02 -2.167968750000000000e-01
-9.841918945312500000e-03 2.198791503906250000e-02 -2.158203125000000000e-01
-8.827209472656250000e-03 2.198791503906250000e-02 -2.158203125000000000e-01
-7.812500000000000000e-03 2.198791503906250000e-02 -2.158203125000000000e-01
-6.771087646484375000e-03 2.188110351562500000e-02 -2.147216796875000000e-01
-5.764007568359375000e-03 2.188110351562500000e-02 -2.147216796875000000e-01
-4.753112792968750000e-03 2.188110351562500000e-02 -2.147216796875000000e-01
-3.728866577148437500e-03 2.177429199218750000e-02 -2.137451171875000000e-01
-2.725601196289062500e-03 2.177429199218750000e-02 -2.137451171875000000e-01
-1.721382141113281250e-03 2.177429199218750000e-02 -2.137451171875000000e-01
-7.138252258300781250e-04 2.166748046875000000e-02 -2.127685546875000000e-01
2.863407135009765625e-04 2.177429199218750000e-02 -2.137451171875000000e-01
1.290321350097656250e-03 2.177429199218750000e-02 -2.137451171875000000e-01
2.294540405273437500e-03 2.177429199218750000e-02 -2.137451171875000000e-01
3.297805786132812500e-03 2.177429199218750000e-02 -2.137451171875000000e-01
4.322052001953125000e-03 2.188110351562500000e-02 -2.147216796875000000e-01
5.329132080078125000e-03 2.188110351562500000e-02 -2.147216796875000000e-01
6.340026855468750000e-03 2.188110351562500000e-02 -2.147216796875000000e-01
7.381439208984375000e-03 2.198791503906250000e-02 -2.158203125000000000e-01
8.392333984375000000e-03 2.198791503906250000e-02 -2.158203125000000000e-01
9.407043457031250000e-03 2.198791503906250000e-02 -2.158203125000000000e-01
-1.828002929687500000e-02 2.136230468750000000e-02 -2.198486328125000000e-01
-1.708984375000000000e-02 2.116394042968750000e-02 -2.177734375000000000e-01
-1.599121093750000000e-02 2.107238769531250000e-02 -2.167968750000000000e-01
-1.498413085937500000e-02 2.107238769531250000e-02 -2.167968750000000000e-01
-1.396179199218750000e-02 2.107238769531250000e-02 -2.167968750000000000e-01
-1.288604736328125000e-02 2.096557617187500000e-02 -2.158203125000000000e-01
-1.187133789062500000e-02 2.096557617187500000e-02 -2.158203125000000000e-01
-1.085662841796875000e-02 2.096557617187500000e-02 -2.158203125000000000e-01
-9.796142578125000000e-03 2.087402343750000000e-02 -2.147216796875000000e-01
-8.789062500000000000e-03 2.087402343750000000e-02 -2.147216796875000000e-01
-7.781982421875000000e-03 2.087402343750000000e-02 -2.147216796875000000e-01
-6.740570068359375000e-03 2.076721191406250000e-02 -2.137451171875000000e-01
-5.737304687500000000e-03 2.076721191406250000e-02 -2.137451171875000000e-01
-4.734039306640625000e-03 2.076721191406250000e-02 -2.137451171875000000e-01
-3.728866577148437500e-03 2.076721191406250000e-02 -2.137451171875000000e-01
-2.725601196289062500e-03 2.076721191406250000e-02 -2.137451171875000000e-01
-1.713752746582031250e-03 2.067565917968750000e-02 -2.127685546875000000e-01
-7.138252258300781250e-04 2.067565917968750000e-02 -2.127685546875000000e-01
2.851486206054687500e-04 2.067565917968750000e-02 -2.127685546875000000e-01
1.284599304199218750e-03 2.067565917968750000e-02 -2.127685546875000000e-01
2.283096313476562500e-03 2.067565917968750000e-02 -2.127685546875000000e-01
3.297805786132812500e-03 2.076721191406250000e-02 -2.137451171875000000e-01
4.302978515625000000e-03 2.076721191406250000e-02 -2.137451171875000000e-01
5.306243896484375000e-03 2.076721191406250000e-02 -2.137451171875000000e-01
6.340026855468750000e-03 2.087402343750000000e-02 -2.147216796875000000e-01
7.347106933593750000e-03 2.087402343750000000e-02 -2.147216796875000000e-01
8.354187011718750000e-03 2.087402343750000000e-02 -2.147216796875000000e-01
9.361267089843750000e-03 2.087402343750000000e-02 -2.147216796875000000e-01
1.042175292968750000e-02 2.096557617187500000e-02 -2.158203125000000000e-01
-1.693725585937500000e-02 1.995849609375000000e-02 -2.158203125000000000e-01
-1.591491699218750000e-02 1.995849609375000000e-02 -2.158203125000000000e-01
-1.491546630859375000e-02 1.995849609375000000e-02 -2.158203125000000000e-01
-1.390075683593750000e-02 1.995849609375000000e-02 -2.158203125000000000e-01
-1.282501220703125000e-02 1.986694335937500000e-02 -2.147216796875000000e-01
-1.181793212890625000e-02 1.986694335937500000e-02 -2.147216796875000000e-01
-1.080322265625000000e-02 1.986694335937500000e-02 -2.147216796875000000e-01
-9.750366210937500000e-03 1.977539062500000000e-02 -2.137451171875000000e-01
-8.750915527343750000e-03 1.977539062500000000e-02 -2.137451171875000000e-01
-7.743835449218750000e-03 1.977539062500000000e-02 -2.137451171875000000e-01
-6.740570068359375000e-03 1.977539062500000000e-02 -2.137451171875000000e-01
-5.737304687500000000e-03 1.977539062500000000e-02 -2.137451171875000000e-01
-4.734039306640625000e-03 1.977539062500000000e-02 -2.137451171875000000e-01
-2.698898315429687500e-03 1.957702636718750000e-02 -2.117919921875000000e-01
-1.705169677734375000e-03 1.957702636718750000e-02 -2.117919921875000000e-01
-7.104873657226562500e-04 1.957702636718750000e-02 -2.117919921875000000e-01
2.837181091308593750e-04 1.957702636718750000e-02 -2.117919921875000000e-01
1.277923583984375000e-03 1.957702636718750000e-02 -2.117919921875000000e-01
2.271652221679687500e-03 1.957702636718750000e-02 -2.117919921875000000e-01
3.282546997070312500e-03 1.966857910156250000e-02 -2.127685546875000000e-01
4.280090332031250000e-03 1.966857910156250000e-02 -2.127685546875000000e-01
5.279541015625000000e-03 1.966857910156250000e-02 -2.127685546875000000e-01
6.309509277343750000e-03 1.977539062500000000e-02 -2.137451171875000000e-01
7.312774658203125000e-03 1.977539062500000000e-02 -2.137451171875000000e-01
8.316040039062500000e-03 1.977539062500000000e-02 -2.137451171875000000e-01
9.361267089843750000e-03 1.986694335937500000e-02 -2.147216796875000000e-01
1.042175292968750000e-02 1.995849609375000000e-02 -2.158203125000000000e-01
-1.686096191406250000e-02 1.884460449218750000e-02 -2.147216796875000000e-01
-1.585388183593750000e-02 1.884460449218750000e-02 -2.147216796875000000e-01
-1.483917236328125000e-02 1.884460449218750000e-02 -2.147216796875000000e-01
-1.383209228515625000e-02 1.884460449218750000e-02 -2.147216796875000000e-01
-1.276397705078125000e-02 1.876831054687500000e-02 -2.137451171875000000e-01
-1.175689697265625000e-02 1.876831054687500000e-02 -2.137451171875000000e-01
-1.075744628906250000e-02 1.876831054687500000e-02 -2.137451171875000000e-01
-9.704589843750000000e-03 1.867675781250000000e-02 -2.127685546875000000e-01
-8.705139160156250000e-03 1.867675781250000000e-02 -2.127685546875000000e-01
-7.709503173828125000e-03 1.867675781250000000e-02 -2.127685546875000000e-01
-6.710052490234375000e-03 1.867675781250000000e-02 -2.127685546875000000e-01
-5.737304687500000000e-03 1.876831054687500000e-02 -2.137451171875000000e-01
-4.734039306640625000e-03 1.876831054687500000e-02 -2.137451171875000000e-01
-3.677368164062500000e-03 1.849365234375000000e-02 -2.108154296875000000e-01
-2.674102783203125000e-03 1.841735839843750000e-02 -2.097167968750000000e-01
-1.688957214355468750e-03 1.841735839843750000e-02 -2.097167968750000000e-01
-7.071495056152343750e-04 1.849365234375000000e-02 -2.108154296875000000e-01
2.822875976562500000e-04 1.849365234375000000e-02 -2.108154296875000000e-01
1.272201538085937500e-03 1.849365234375000000e-02 -2.108154296875000000e-01
2.271652221679687500e-03 1.858520507812500000e-02 -2.117919921875000000e-01
3.267288208007812500e-03 1.858520507812500000e-02 -2.117919921875000000e-01
4.261016845703125000e-03 1.858520507812500000e-02 -2.117919921875000000e-01
5.279541015625000000e-03 1.867675781250000000e-02 -2.127685546875000000e-01
6.278991699218750000e-03 1.867675781250000000e-02 -2.127685546875000000e-01
7.278442382812500000e-03 1.867675781250000000e-02 -2.127685546875000000e-01
8.316040039062500000e-03 1.876831054687500000e-02 -2.137451171875000000e-01
9.323120117187500000e-03 1.876831054687500000e-02 -2.137451171875000000e-01
1.037597656250000000e-02 1.884460449218750000e-02 -2.147216796875000000e-01
-1.777648925781250000e-02 1.776123046875000000e-02 -2.137451171875000000e-01
-1.678466796875000000e-02 1.776123046875000000e-02 -2.137451171875000000e-01
-1.577758789062500000e-02 1.776123046875000000e-02 -2.137451171875000000e-01
-1.477050781250000000e-02 1.776123046875000000e-02 -2.137451171875000000e-01
-1.377105712890625000e-02 1.776123046875000000e-02 -2.137451171875000000e-01
-1.270294189453125000e-02 1.766967773437500000e-02 -2.127685546875000000e-01
-1.170349121093750000e-02 1.766967773437500000e-02 -2.127685546875000000e-01
-1.070404052734375000e-02 1.766967773437500000e-02 -2.127685546875000000e-01
-9.658813476562500000e-03 1.759338378906250000e-02 -2.117919921875000000e-01
-8.666992187500000000e-03 1.759338378906250000e-02 -2.117919921875000000e-01
-7.671356201171875000e-03 1.759338378906250000e-02 -2.117919921875000000e-01
-6.645202636718750000e-03 1.750183105468750000e-02 -2.108154296875000000e-01
-5.603790283203125000e-03 1.734924316406250000e-02 -2.087402343750000000e-01
-4.623413085937500000e-03 1.734924316406250000e-02 -2.087402343750000000e-01
-3.641128540039062500e-03 1.734924316406250000e-02 -2.087402343750000000e-01
-2.660751342773437500e-03 1.734924316406250000e-02 -2.087402343750000000e-01
-1.688957214355468750e-03 1.742553710937500000e-02 -2.097167968750000000e-01
-7.038116455078125000e-04 1.742553710937500000e-02 -2.097167968750000000e-01
2.810955047607421875e-04 1.742553710937500000e-02 -2.097167968750000000e-01
1.272201538085937500e-03 1.750183105468750000e-02 -2.108154296875000000e-01
2.262115478515625000e-03 1.750183105468750000e-02 -2.108154296875000000e-01
3.252029418945312500e-03 1.750183105468750000e-02 -2.108154296875000000e-01
4.241943359375000000e-03 1.750183105468750000e-02 -2.108154296875000000e-01
5.256652832031250000e-03 1.759338378906250000e-02 -2.117919921875000000e-01
6.252288818359375000e-03 1.759338378906250000e-02 -2.117919921875000000e-01
7.278442382812500000e-03 1.766967773437500000e-02 -2.127685546875000000e-01
8.277893066406250000e-03 1.766967773437500000e-02 -2.127685546875000000e-01
9.277343750000000000e-03 1.766967773437500000e-02 -2.127685546875000000e-01
1.032257080078125000e-02 1.776123046875000000e-02 -2.137451171875000000e-01
-1.770019531250000000e-02 1.667785644531250000e-02 -2.127685546875000000e-01
-1.669311523437500000e-02 1.667785644531250000e-02 -2.127685546875000000e-01
-1.570129394531250000e-02 1.667785644531250000e-02 -2.127685546875000000e-01
-1.470184326171875000e-02 1.667785644531250000e-02 -2.127685546875000000e-01
-1.370239257812500000e-02 1.667785644531250000e-02 -2.127685546875000000e-01
-1.264190673828125000e-02 1.660156250000000000e-02 -2.117919921875000000e-01
-1.165008544921875000e-02 1.660156250000000000e-02 -2.117919921875000000e-01
-1.065826416015625000e-02 1.660156250000000000e-02 -2.117919921875000000e-01
-9.613037109375000000e-03 1.652526855468750000e-02 -2.108154296875000000e-01
-8.621215820312500000e-03 1.652526855468750000e-02 -2.108154296875000000e-01
-7.598876953125000000e-03 1.643371582031250000e-02 -2.097167968750000000e-01
-6.584167480468750000e-03 1.635742187500000000e-02 -2.087402343750000000e-01
-5.603790283203125000e-03 1.635742187500000000e-02 -2.087402343750000000e-01
-3.623962402343750000e-03 1.628112792968750000e-02 -2.077636718750000000e-01
-2.660751342773437500e-03 1.635742187500000000e-02 -2.087402343750000000e-01
-1.681327819824218750e-03 1.635742187500000000e-02 -2.087402343750000000e-01
-7.004737854003906250e-04 1.635742187500000000e-02 -2.087402343750000000e-01
2.810955047607421875e-04 1.643371582031250000e-02 -2.097167968750000000e-01
1.266479492187500000e-03 1.643371582031250000e-02 -2.097167968750000000e-01
2.250671386718750000e-03 1.643371582031250000e-02 -2.097167968750000000e-01
3.236770629882812500e-03 1.643371582031250000e-02 -2.097167968750000000e-01
4.241943359375000000e-03 1.652526855468750000e-02 -2.108154296875000000e-01
5.229949951171875000e-03 1.652526855468750000e-02 -2.108154296875000000e-01
6.221771240234375000e-03 1.652526855468750000e-02 -2.108154296875000000e-01
7.244110107421875000e-03 1.660156250000000000e-02 -2.117919921875000000e-01
8.239746093750000000e-03 1.660156250000000000e-02 -2.117919921875000000e-01
9.231567382812500000e-03 1.660156250000000000e-02 -2.117919921875000000e-01
-1.861572265625000000e-02 1.560974121093750000e-02 -2.117919921875000000e-01
-1.760864257812500000e-02 1.560974121093750000e-02 -2.117919921875000000e-01
-1.669311523437500000e-02 1.567077636718750000e-02 -2.127685546875000000e-01
-1.562500000000000000e-02 1.560974121093750000e-02 -2.117919921875000000e-01
-1.463317871093750000e-02 1.560974121093750000e-02 -2.117919921875000000e-01
-1.364135742187500000e-02 1.560974121093750000e-02 -2.117919921875000000e-01
-1.264190673828125000e-02 1.560974121093750000e-02 -2.117919921875000000e-01
-1.159667968750000000e-02 1.553344726562500000e-02 -2.108154296875000000e-01
-1.060485839843750000e-02 1.553344726562500000e-02 -2.108154296875000000e-01
-9.567260742187500000e-03 1.545715332031250000e-02 -2.097167968750000000e-01
-8.583068847656250000e-03 1.545715332031250000e-02 -2.097167968750000000e-01
-7.564544677734375000e-03 1.538848876953125000e-02 -2.087402343750000000e-01
-6.584167480468750000e-03 1.538848876953125000e-02 -2.087402343750000000e-01
-5.577087402343750000e-03 1.531219482421875000e-02 -2.077636718750000000e-01
-4.600524902343750000e-03 1.531219482421875000e-02 -2.077636718750000000e-01
-3.623962402343750000e-03 1.531219482421875000e-02 -2.077636718750000000e-01
-2.649307250976562500e-03 1.531219482421875000e-02 -2.077636718750000000e-01
-1.681327819824218750e-03 1.538848876953125000e-02 -2.087402343750000000e-01
-7.004737854003906250e-04 1.538848876953125000e-02 -2.087402343750000000e-01
2.796649932861328125e-04 1.538848876953125000e-02 -2.087402343750000000e-01
1.259803771972656250e-03 1.538848876953125000e-02 -2.087402343750000000e-01
2.250671386718750000e-03 1.545715332031250000e-02 -2.097167968750000000e-01
3.236770629882812500e-03 1.545715332031250000e-02 -2.097167968750000000e-01
4.219055175781250000e-03 1.545715332031250000e-02 -2.097167968750000000e-01
5.229949951171875000e-03 1.553344726562500000e-02 -2.108154296875000000e-01
6.221771240234375000e-03 1.553344726562500000e-02 -2.108154296875000000e-01
7.209777832031250000e-03 1.553344726562500000e-02 -2.108154296875000000e-01
8.201599121093750000e-03 1.553344726562500000e-02 -2.108154296875000000e-01
9.231567382812500000e-03 1.560974121093750000e-02 -2.117919921875000000e-01
1.017761230468750000e-02 1.553344726562500000e-02 -2.108154296875000000e-01
-1.861572265625000000e-02 1.461029052734375000e-02 -2.117919921875000000e-01
-1.760864257812500000e-02 1.461029052734375000e-02 -2.117919921875000000e-01
-1.661682128906250000e-02 1.461029052734375000e-02 -2.117919921875000000e-01
-1.562500000000000000e-02 1.461029052734375000e-02 -2.117919921875000000e-01
-1.463317871093750000e-02 1.461029052734375000e-02 -2.117919921875000000e-01
-1.357269287109375000e-02 1.454162597656250000e-02 -2.108154296875000000e-01
-1.258087158203125000e-02 1.454162597656250000e-02 -2.108154296875000000e-01
-1.153564453125000000e-02 1.447296142578125000e-02 -2.097167968750000000e-01
-1.055145263671875000e-02 1.447296142578125000e-02 -2.097167968750000000e-01
-9.567260742187500000e-03 1.447296142578125000e-02 -2.097167968750000000e-01
-8.544921875000000000e-03 1.440429687500000000e-02 -2.087402343750000000e-01
-7.564544677734375000e-03 1.440429687500000000e-02 -2.087402343750000000e-01
-6.549835205078125000e-03 1.433563232421875000e-02 -2.077636718750000000e-01
-5.577087402343750000e-03 1.433563232421875000e-02 -2.077636718750000000e-01
-4.600524902343750000e-03 1.433563232421875000e-02 -2.077636718750000000e-01
-3.623962402343750000e-03 1.433563232421875000e-02 -2.077636718750000000e-01
-2.649307250976562500e-03 1.433563232421875000e-02 -2.077636718750000000e-01
-1.672744750976562500e-03 1.433563232421875000e-02 -2.077636718750000000e-01
-6.971359252929687500e-04 1.433563232421875000e-02 -2.077636718750000000e-01
2.796649932861328125e-04 1.440429687500000000e-02 -2.087402343750000000e-01
1.259803771972656250e-03 1.440429687500000000e-02 -2.087402343750000000e-01
2.241134643554687500e-03 1.440429687500000000e-02 -2.087402343750000000e-01
3.236770629882812500e-03 1.447296142578125000e-02 -2.097167968750000000e-01
4.219055175781250000e-03 1.447296142578125000e-02 -2.097167968750000000e-01
5.207061767578125000e-03 1.447296142578125000e-02 -2.097167968750000000e-01
6.191253662109375000e-03 1.447296142578125000e-02 -2.097167968750000000e-01
7.209777832031250000e-03 1.454162597656250000e-02 -2.108154296875000000e-01
8.201599121093750000e-03 1.454162597656250000e-02 -2.108154296875000000e-01
9.185791015625000000e-03 1.454162597656250000e-02 -2.108154296875000000e-01
1.017761230468750000e-02 1.454162597656250000e-02 -2.108154296875000000e-01
-1.861572265625000000e-02 1.361846923828125000e-02 -2.117919921875000000e-01
-1.760864257812500000e-02 1.361846923828125000e-02 -2.117919921875000000e-01
-1.661682128906250000e-02 1.361846923828125000e-02 -2.117919921875000000e-01
-1.555633544921875000e-02 1.354980468750000000e-02 -2.108154296875000000e-01
-1.456451416015625000e-02 1.354980468750000000e-02 -2.108154296875000000e-01
-1.357269287109375000e-02 1.354980468750000000e-02 -2.108154296875000000e-01
-1.252746582031250000e-02 1.348876953125000000e-02 -2.097167968750000000e-01
-1.153564453125000000e-02 1.348876953125000000e-02 -2.097167968750000000e-01
-1.050567626953125000e-02 1.342010498046875000e-02 -2.087402343750000000e-01
-9.521484375000000000e-03 1.342010498046875000e-02 -2.087402343750000000e-01
-8.544921875000000000e-03 1.342010498046875000e-02 -2.087402343750000000e-01
-7.526397705078125000e-03 1.335906982421875000e-02 -2.077636718750000000e-01
-6.549835205078125000e-03 1.335906982421875000e-02 -2.077636718750000000e-01
-5.577087402343750000e-03 1.335906982421875000e-02 -2.077636718750000000e-01
-4.600524902343750000e-03 1.335906982421875000e-02 -2.077636718750000000e-01
-3.623962402343750000e-03 1.335906982421875000e-02 -2.077636718750000000e-01
-2.649307250976562500e-03 1.335906982421875000e-02 -2.077636718750000000e-01
-1.672744750976562500e-03 1.335906982421875000e-02 -2.077636718750000000e-01
-6.971359252929687500e-04 1.335906982421875000e-02 -2.077636718750000000e-01
2.784729003906250000e-04 1.335906982421875000e-02 -2.077636718750000000e-01
1.259803771972656250e-03 1.342010498046875000e-02 -2.087402343750000000e-01
2.241134643554687500e-03 1.342010498046875000e-02 -2.087402343750000000e-01
3.221511840820312500e-03 1.342010498046875000e-02 -2.087402343750000000e-01
4.199981689453125000e-03 1.342010498046875000e-02 -2.087402343750000000e-01
5.207061767578125000e-03 1.348876953125000000e-02 -2.097167968750000000e-01
6.191253662109375000e-03 1.348876953125000000e-02 -2.097167968750000000e-01
7.175445556640625000e-03 1.348876953125000000e-02 -2.097167968750000000e-01
8.201599121093750000e-03 1.354980468750000000e-02 -2.108154296875000000e-01
9.185791015625000000e-03 1.354980468750000000e-02 -2.108154296875000000e-01
1.017761230468750000e-02 1.354980468750000000e-02 -2.108154296875000000e-01
1.116943359375000000e-02 1.354980468750000000e-02 -2.108154296875000000e-01
-1.861572265625000000e-02 1.261901855468750000e-02 -2.117919921875000000e-01
-1.753234863281250000e-02 1.256561279296875000e-02 -2.108154296875000000e-01
-1.654052734375000000e-02 1.256561279296875000e-02 -2.108154296875000000e-01
-1.555633544921875000e-02 1.256561279296875000e-02 -2.108154296875000000e-01
-1.456451416015625000e-02 1.256561279296875000e-02 -2.108154296875000000e-01
-1.351165771484375000e-02 1.250457763671875000e-02 -2.097167968750000000e-01
-1.252746582031250000e-02 1.250457763671875000e-02 -2.097167968750000000e-01
-1.148223876953125000e-02 1.244354248046875000e-02 -2.087402343750000000e-01
-1.050567626953125000e-02 1.244354248046875000e-02 -2.087402343750000000e-01
-9.521484375000000000e-03 1.244354248046875000e-02 -2.087402343750000000e-01
-8.499145507812500000e-03 1.238250732421875000e-02 -2.077636718750000000e-01
-7.526397705078125000e-03 1.238250732421875000e-02 -2.077636718750000000e-01
-6.549835205078125000e-03 1.238250732421875000e-02 -2.077636718750000000e-01
-5.577087402343750000e-03 1.238250732421875000e-02 -2.077636718750000000e-01
-4.577636718750000000e-03 1.232147216796875000e-02 -2.067871093750000000e-01
-3.606796264648437500e-03 1.232147216796875000e-02 -2.067871093750000000e-01
-2.649307250976562500e-03 1.238250732421875000e-02 -2.077636718750000000e-01
-1.672744750976562500e-03 1.238250732421875000e-02 -2.077636718750000000e-01
-6.971359252929687500e-04 1.238250732421875000e-02 -2.077636718750000000e-01
2.784729003906250000e-04 1.238250732421875000e-02 -2.077636718750000000e-01
1.254081726074218750e-03 1.238250732421875000e-02 -2.077636718750000000e-01
2.241134643554687500e-03 1.244354248046875000e-02 -2.087402343750000000e-01
3.221511840820312500e-03 1.244354248046875000e-02 -2.087402343750000000e-01
4.199981689453125000e-03 1.244354248046875000e-02 -2.087402343750000000e-01
5.180358886718750000e-03 1.244354248046875000e-02 -2.087402343750000000e-01
6.191253662109375000e-03 1.250457763671875000e-02 -2.097167968750000000e-01
7.175445556640625000e-03 1.250457763671875000e-02 -2.097167968750000000e-01
8.163452148437500000e-03 1.250457763671875000e-02 -2.097167968750000000e-01
9.147644042968750000e-03 1.250457763671875000e-02 -2.097167968750000000e-01
1.017761230468750000e-02 1.256561279296875000e-02 -2.108154296875000000e-01
1.116943359375000000e-02 1.256561279296875000e-02 -2.108154296875000000e-01
-1.852416992187500000e-02 1.157379150390625000e-02 -2.108154296875000000e-01
-1.753234863281250000e-02 1.157379150390625000e-02 -2.108154296875000000e-01
-1.654052734375000000e-02 1.157379150390625000e-02 -2.108154296875000000e-01
-1.555633544921875000e-02 1.157379150390625000e-02 -2.108154296875000000e-01
-1.449584960937500000e-02 1.152038574218750000e-02 -2.097167968750000000e-01
-1.351165771484375000e-02 1.152038574218750000e-02 -2.097167968750000000e-01
-1.252746582031250000e-02 1.152038574218750000e-02 -2.097167968750000000e-01
-1.148223876953125000e-02 1.145935058593750000e-02 -2.087402343750000000e-01
-1.050567626953125000e-02 1.145935058593750000e-02 -2.087402343750000000e-01
-9.475708007812500000e-03 1.140594482421875000e-02 -2.077636718750000000e-01
-8.499145507812500000e-03 1.140594482421875000e-02 -2.077636718750000000e-01
-7.526397705078125000e-03 1.140594482421875000e-02 -2.077636718750000000e-01
-6.549835205078125000e-03 1.140594482421875000e-02 -2.077636718750000000e-01
-5.546569824218750000e-03 1.135253906250000000e-02 -2.067871093750000000e-01
-4.577636718750000000e-03 1.135253906250000000e-02 -2.067871093750000000e-01
-3.606796264648437500e-03 1.135253906250000000e-02 -2.067871093750000000e-01
-2.635955810546875000e-03 1.135253906250000000e-02 -2.067871093750000000e-01
-1.672744750976562500e-03 1.140594482421875000e-02 -2.077636718750000000e-01
-6.971359252929687500e-04 1.140594482421875000e-02 -2.077636718750000000e-01
2.784729003906250000e-04 1.140594482421875000e-02 -2.077636718750000000e-01
1.254081726074218750e-03 1.140594482421875000e-02 -2.077636718750000000e-01
2.229690551757812500e-03 1.140594482421875000e-02 -2.077636718750000000e-01
3.221511840820312500e-03 1.145935058593750000e-02 -2.087402343750000000e-01
4.199981689453125000e-03 1.145935058593750000e-02 -2.087402343750000000e-01
5.180358886718750000e-03 1.145935058593750000e-02 -2.087402343750000000e-01
6.160736083984375000e-03 1.145935058593750000e-02 -2.087402343750000000e-01
7.175445556640625000e-03 1.152038574218750000e-02 -2.097167968750000000e-01
8.163452148437500000e-03 1.152038574218750000e-02 -2.097167968750000000e-01
9.147644042968750000e-03 1.152038574218750000e-02 -2.097167968750000000e-01
1.013183593750000000e-02 1.152038574218750000e-02 -2.097167968750000000e-01
1.111602783203125000e-02 1.152038574218750000e-02 -2.097167968750000000e-01
-1.852416992187500000e-02 1.058197021484375000e-02 -2.108154296875000000e-01
-1.753234863281250000e-02 1.058197021484375000e-02 -2.108154296875000000e-01
-1.654052734375000000e-02 1.058197021484375000e-02 -2.108154296875000000e-01
-1.548004150390625000e-02 1.052856445312500000e-02 -2.097167968750000000e-01
-1.449584960937500000e-02 1.052856445312500000e-02 -2.097167968750000000e-01
-1.351165771484375000e-02 1.052856445312500000e-02 -2.097167968750000000e-01
-1.246643066406250000e-02 1.048278808593750000e-02 -2.087402343750000000e-01
-1.148223876953125000e-02 1.048278808593750000e-02 -2.087402343750000000e-01
-1.045227050781250000e-02 1.042938232421875000e-02 -2.077636718750000000e-01
-9.475708007812500000e-03 1.042938232421875000e-02 -2.077636718750000000e-01
-8.499145507812500000e-03 1.042938232421875000e-02 -2.077636718750000000e-01
-7.526397705078125000e-03 1.042938232421875000e-02 -2.077636718750000000e-01
-6.519317626953125000e-03 1.038360595703125000e-02 -2.067871093750000000e-01
-5.546569824218750000e-03 1.038360595703125000e-02 -2.067871093750000000e-01
-4.577636718750000000e-03 1.038360595703125000e-02 -2.067871093750000000e-01
-3.606796264648437500e-03 1.038360595703125000e-02 -2.067871093750000000e-01
-2.635955810546875000e-03 1.038360595703125000e-02 -2.067871093750000000e-01
-1.665115356445312500e-03 1.038360595703125000e-02 -2.067871093750000000e-01
-6.971359252929687500e-04 1.042938232421875000e-02 -2.077636718750000000e-01
2.784729003906250000e-04 1.042938232421875000e-02 -2.077636718750000000e-01
1.254081726074218750e-03 1.042938232421875000e-02 -2.077636718750000000e-01
2.229690551757812500e-03 1.042938232421875000e-02 -2.077636718750000000e-01
3.206253051757812500e-03 1.042938232421875000e-02 -2.077636718750000000e-01
4.199981689453125000e-03 1.048278808593750000e-02 -2.087402343750000000e-01
5.180358886718750000e-03 1.048278808593750000e-02 -2.087402343750000000e-01
6.160736083984375000e-03 1.048278808593750000e-02 -2.087402343750000000e-01
7.175445556640625000e-03 1.052856445312500000e-02 -2.097167968750000000e-01
8.163452148437500000e-03 1.052856445312500000e-02 -2.097167968750000000e-01
9.147644042968750000e-03 1.052856445312500000e-02 -2.097167968750000000e-01
1.013183593750000000e-02 1.052856445312500000e-02 -2.097167968750000000e-01
1.111602783203125000e-02 1.052856445312500000e-02 -2.097167968750000000e-01
-1.753234863281250000e-02 9.590148925781250000e-03 -2.108154296875000000e-01
-1.654052734375000000e-02 9.590148925781250000e-03 -2.108154296875000000e-01
-1.548004150390625000e-02 9.544372558593750000e-03 -2.097167968750000000e-01
-1.449584960937500000e-02 9.544372558593750000e-03 -2.097167968750000000e-01
-1.344299316406250000e-02 9.498596191406250000e-03 -2.087402343750000000e-01
-1.246643066406250000e-02 9.498596191406250000e-03 -2.087402343750000000e-01
-1.148223876953125000e-02 9.498596191406250000e-03 -2.087402343750000000e-01
-1.045227050781250000e-02 9.452819824218750000e-03 -2.077636718750000000e-01
-9.475708007812500000e-03 9.452819824218750000e-03 -2.077636718750000000e-01
-8.499145507812500000e-03 9.452819824218750000e-03 -2.077636718750000000e-01
-7.492065429687500000e-03 9.407043457031250000e-03 -2.067871093750000000e-01
-6.519317626953125000e-03 9.407043457031250000e-03 -2.067871093750000000e-01
-5.546569824218750000e-03 9.407043457031250000e-03 -2.067871093750000000e-01
-4.577636718750000000e-03 9.407043457031250000e-03 -2.067871093750000000e-01
-3.606796264648437500e-03 9.407043457031250000e-03 -2.067871093750000000e-01
-2.635955810546875000e-03 9.407043457031250000e-03 -2.067871093750000000e-01
-1.665115356445312500e-03 9.407043457031250000e-03 -2.067871093750000000e-01
-6.937980651855468750e-04 9.407043457031250000e-03 -2.067871093750000000e-01
2.770423889160156250e-04 9.407043457031250000e-03 -2.067871093750000000e-01
1.254081726074218750e-03 9.452819824218750000e-03 -2.077636718750000000e-01
2.229690551757812500e-03 9.452819824218750000e-03 -2.077636718750000000e-01
3.206253051757812500e-03 9.452819824218750000e-03 -2.077636718750000000e-01
4.199981689453125000e-03 9.498596191406250000e-03 -2.087402343750000000e-01
5.180358886718750000e-03 9.498596191406250000e-03 -2.087402343750000000e-01
6.160736083984375000e-03 9.498596191406250000e-03 -2.087402343750000000e-01
7.175445556640625000e-03 9.544372558593750000e-03 -2.097167968750000000e-01
8.163452148437500000e-03 9.544372558593750000e-03 -2.097167968750000000e-01
9.147644042968750000e-03 9.544372558593750000e-03 -2.097167968750000000e-01
1.013183593750000000e-02 9.544372558593750000e-03 -2.097167968750000000e-01
1.116943359375000000e-02 9.590148925781250000e-03 -2.108154296875000000e-01
-1.852416992187500000e-02 8.605957031250000000e-03 -2.108154296875000000e-01
-1.753234863281250000e-02 8.605957031250000000e-03 -2.108154296875000000e-01
-1.646423339843750000e-02 8.560180664062500000e-03 -2.097167968750000000e-01
-1.548004150390625000e-02 8.560180664062500000e-03 -2.097167968750000000e-01
-1.449584960937500000e-02 8.560180664062500000e-03 -2.097167968750000000e-01
-1.344299316406250000e-02 8.522033691406250000e-03 -2.087402343750000000e-01
-1.246643066406250000e-02 8.522033691406250000e-03 -2.087402343750000000e-01
-1.148223876953125000e-02 8.522033691406250000e-03 -2.087402343750000000e-01
-1.045227050781250000e-02 8.476257324218750000e-03 -2.077636718750000000e-01
-9.475708007812500000e-03 8.476257324218750000e-03 -2.077636718750000000e-01
-8.499145507812500000e-03 8.476257324218750000e-03 -2.077636718750000000e-01
-7.492065429687500000e-03 8.438110351562500000e-03 -2.067871093750000000e-01
-6.519317626953125000e-03 8.438110351562500000e-03 -2.067871093750000000e-01
-5.546569824218750000e-03 8.438110351562500000e-03 -2.067871093750000000e-01
-4.577636718750000000e-03 8.438110351562500000e-03 -2.067871093750000000e-01
-3.606796264648437500e-03 8.438110351562500000e-03 -2.067871093750000000e-01
-2.635955810546875000e-03 8.438110351562500000e-03 -2.067871093750000000e-01
-1.665115356445312500e-03 8.438110351562500000e-03 -2.067871093750000000e-01
-6.937980651855468750e-04 8.438110351562500000e-03 -2.067871093750000000e-01
2.770423889160156250e-04 8.438110351562500000e-03 -2.067871093750000000e-01
1.248359680175781250e-03 8.438110351562500000e-03 -2.067871093750000000e-01
2.229690551757812500e-03 8.476257324218750000e-03 -2.077636718750000000e-01
3.206253051757812500e-03 8.476257324218750000e-03 -2.077636718750000000e-01
4.180908203125000000e-03 8.476257324218750000e-03 -2.077636718750000000e-01
5.180358886718750000e-03 8.522033691406250000e-03 -2.087402343750000000e-01
6.160736083984375000e-03 8.522033691406250000e-03 -2.087402343750000000e-01
7.141113281250000000e-03 8.522033691406250000e-03 -2.087402343750000000e-01
8.163452148437500000e-03 8.560180664062500000e-03 -2.097167968750000000e-01
9.147644042968750000e-03 8.560180664062500000e-03 -2.097167968750000000e-01
1.013183593750000000e-02 8.560180664062500000e-03 -2.097167968750000000e-01
1.116943359375000000e-02 8.605957031250000000e-03 -2.108154296875000000e-01
-1.852416992187500000e-02 7.614135742187500000e-03 -2.108154296875000000e-01
-1.753234863281250000e-02 7.614135742187500000e-03 -2.108154296875000000e-01
-1.646423339843750000e-02 7.579803466796875000e-03 -2.097167968750000000e-01
-1.548004150390625000e-02 7.579803466796875000e-03 -2.097167968750000000e-01
-1.449584960937500000e-02 7.579803466796875000e-03 -2.097167968750000000e-01
-1.344299316406250000e-02 7.541656494140625000e-03 -2.087402343750000000e-01
-1.246643066406250000e-02 7.541656494140625000e-03 -2.087402343750000000e-01
-1.148223876953125000e-02 7.541656494140625000e-03 -2.087402343750000000e-01
-1.045227050781250000e-02 7.507324218750000000e-03 -2.077636718750000000e-01
-9.475708007812500000e-03 7.507324218750000000e-03 -2.077636718750000000e-01
-8.499145507812500000e-03 7.507324218750000000e-03 -2.077636718750000000e-01
-7.492065429687500000e-03 7.469177246093750000e-03 -2.067871093750000000e-01
-6.519317626953125000e-03 7.469177246093750000e-03 -2.067871093750000000e-01
-5.546569824218750000e-03 7.469177246093750000e-03 -2.067871093750000000e-01
-4.577636718750000000e-03 7.469177246093750000e-03 -2.067871093750000000e-01
-3.606796264648437500e-03 7.469177246093750000e-03 -2.067871093750000000e-01
-2.635955810546875000e-03 7.469177246093750000e-03 -2.067871093750000000e-01
-1.665115356445312500e-03 7.469177246093750000e-03 -2.067871093750000000e-01
-6.937980651855468750e-04 7.469177246093750000e-03 -2.067871093750000000e-01
2.770423889160156250e-04 7.469177246093750000e-03 -2.067871093750000000e-01
1.248359680175781250e-03 7.469177246093750000e-03 -2.067871093750000000e-01
2.218246459960937500e-03 7.469177246093750000e-03 -2.067871093750000000e-01
3.206253051757812500e-03 7.507324218750000000e-03 -2.077636718750000000e-01
4.180908203125000000e-03 7.507324218750000000e-03 -2.077636718750000000e-01
5.157470703125000000e-03 7.507324218750000000e-03 -2.077636718750000000e-01
6.160736083984375000e-03 7.541656494140625000e-03 -2.087402343750000000e-01
7.141113281250000000e-03 7.541656494140625000e-03 -2.087402343750000000e-01
8.163452148437500000e-03 7.579803466796875000e-03 -2.097167968750000000e-01
9.147644042968750000e-03 7.579803466796875000e-03 -2.097167968750000000e-01
1.013183593750000000e-02 7.579803466796875000e-03 -2.097167968750000000e-01
1.116943359375000000e-02 7.614135742187500000e-03 -2.108154296875000000e-01
1.216125488281250000e-02 7.614135742187500000e-03 -2.108154296875000000e-01
-1.852416992187500000e-02 6.626129150390625000e-03 -2.108154296875000000e-01
-1.753234863281250000e-02 6.626129150390625000e-03 -2.108154296875000000e-01
-1.646423339843750000e-02 6.591796875000000000e-03 -2.097167968750000000e-01
-1.548004150390625000e-02 6.591796875000000000e-03 -2.097167968750000000e-01
-1.449584960937500000e-02 6.591796875000000000e-03 -2.097167968750000000e-01
-1.344299316406250000e-02 6.561279296875000000e-03 -2.087402343750000000e-01
-1.246643066406250000e-02 6.561279296875000000e-03 -2.087402343750000000e-01
-1.148223876953125000e-02 6.561279296875000000e-03 -2.087402343750000000e-01
-1.045227050781250000e-02 6.530761718750000000e-03 -2.077636718750000000e-01
-9.475708007812500000e-03 6.530761718750000000e-03 -2.077636718750000000e-01
-8.499145507812500000e-03 6.530761718750000000e-03 -2.077636718750000000e-01
-7.492065429687500000e-03 6.496429443359375000e-03 -2.067871093750000000e-01
-6.519317626953125000e-03 6.496429443359375000e-03 -2.067871093750000000e-01
-5.546569824218750000e-03 6.496429443359375000e-03 -2.067871093750000000e-01
-4.577636718750000000e-03 6.496429443359375000e-03 -2.067871093750000000e-01
-3.606796264648437500e-03 6.496429443359375000e-03 -2.067871093750000000e-01
-2.635955810546875000e-03 6.496429443359375000e-03 -2.067871093750000000e-01
-1.665115356445312500e-03 6.496429443359375000e-03 -2.067871093750000000e-01
-6.904602050781250000e-04 6.465911865234375000e-03 -2.056884765625000000e-01
2.770423889160156250e-04 6.496429443359375000e-03 -2.067871093750000000e-01
1.248359680175781250e-03 6.496429443359375000e-03 -2.067871093750000000e-01
2.218246459960937500e-03 6.496429443359375000e-03 -2.067871093750000000e-01
3.189086914062500000e-03 6.496429443359375000e-03 -2.067871093750000000e-01
4.180908203125000000e-03 6.530761718750000000e-03 -2.077636718750000000e-01
5.157470703125000000e-03 6.530761718750000000e-03 -2.077636718750000000e-01
6.160736083984375000e-03 6.561279296875000000e-03 -2.087402343750000000e-01
7.141113281250000000e-03 6.561279296875000000e-03 -2.087402343750000000e-01
8.163452148437500000e-03 6.591796875000000000e-03 -2.097167968750000000e-01
9.147644042968750000e-03 6.591796875000000000e-03 -2.097167968750000000e-01
1.013183593750000000e-02 6.591796875000000000e-03 -2.097167968750000000e-01
1.116943359375000000e-02 6.626129150390625000e-03 -2.108154296875000000e-01
1.216125488281250000e-02 6.626129150390625000e-03 -2.108154296875000000e-01
-1.852416992187500000e-02 5.634307861328125000e-03 -2.108154296875000000e-01
-1.753234863281250000e-02 5.634307861328125000e-03 -2.108154296875000000e-01
-1.654052734375000000e-02 5.634307861328125000e-03 -2.108154296875000000e-01
-1.548004150390625000e-02 5.607604980468750000e-03 -2.097167968750000000e-01
-1.449584960937500000e-02 5.607604980468750000e-03 -2.097167968750000000e-01
-1.344299316406250000e-02 5.580902099609375000e-03 -2.087402343750000000e-01
-1.246643066406250000e-02 5.580902099609375000e-03 -2.087402343750000000e-01
-1.148223876953125000e-02 5.580902099609375000e-03 -2.087402343750000000e-01
-1.045227050781250000e-02 5.554199218750000000e-03 -2.077636718750000000e-01
-9.475708007812500000e-03 5.554199218750000000e-03 -2.077636718750000000e-01
-8.499145507812500000e-03 5.554199218750000000e-03 -2.077636718750000000e-01
-7.492065429687500000e-03 5.527496337890625000e-03 -2.067871093750000000e-01
-6.519317626953125000e-03 5.527496337890625000e-03 -2.067871093750000000e-01
-5.546569824218750000e-03 5.527496337890625000e-03 -2.067871093750000000e-01
-4.577636718750000000e-03 5.527496337890625000e-03 -2.067871093750000000e-01
-3.606796264648437500e-03 5.527496337890625000e-03 -2.067871093750000000e-01
-2.635955810546875000e-03 5.527496337890625000e-03 -2.067871093750000000e-01
-1.656532287597656250e-03 5.500793457031250000e-03 -2.056884765625000000e-01
-6.904602050781250000e-04 5.500793457031250000e-03 -2.056884765625000000e-01
2.756118774414062500e-04 5.500793457031250000e-03 -2.056884765625000000e-01
1.241683959960937500e-03 5.500793457031250000e-03 -2.056884765625000000e-01
2.218246459960937500e-03 5.527496337890625000e-03 -2.067871093750000000e-01
3.189086914062500000e-03 5.527496337890625000e-03 -2.067871093750000000e-01
4.161834716796875000e-03 5.527496337890625000e-03 -2.067871093750000000e-01
5.157470703125000000e-03 5.554199218750000000e-03 -2.077636718750000000e-01
6.134033203125000000e-03 5.554199218750000000e-03 -2.077636718750000000e-01
7.141113281250000000e-03 5.580902099609375000e-03 -2.087402343750000000e-01
8.117675781250000000e-03 5.580902099609375000e-03 -2.087402343750000000e-01
9.147644042968750000e-03 5.607604980468750000e-03 -2.097167968750000000e-01
1.013183593750000000e-02 5.607604980468750000e-03 -2.097167968750000000e-01
1.111602783203125000e-02 5.607604980468750000e-03 -2.097167968750000000e-01
1.216125488281250000e-02 5.634307861328125000e-03 -2.108154296875000000e-01
-1.852416992187500000e-02 4.642486572265625000e-03 -2.108154296875000000e-01
-1.753234863281250000e-02 4.642486572265625000e-03 -2.108154296875000000e-01
-1.654052734375000000e-02 4.642486572265625000e-03 -2.108154296875000000e-01
-1.548004150390625000e-02 4.623413085937500000e-03 -2.097167968750000000e-01
-1.449584960937500000e-02 4.623413085937500000e-03 -2.097167968750000000e-01
-1.344299316406250000e-02 4.600524902343750000e-03 -2.087402343750000000e-01
-1.246643066406250000e-02 4.600524902343750000e-03 -2.087402343750000000e-01
-1.148223876953125000e-02 4.600524902343750000e-03 -2.087402343750000000e-01
-1.045227050781250000e-02 4.577636718750000000e-03 -2.077636718750000000e-01
-9.475708007812500000e-03 4.577636718750000000e-03 -2.077636718750000000e-01
-8.460998535156250000e-03 4.554748535156250000e-03 -2.067871093750000000e-01
-7.492065429687500000e-03 4.554748535156250000e-03 -2.067871093750000000e-01
-6.519317626953125000e-03 4.554748535156250000e-03 -2.067871093750000000e-01
-5.519866943359375000e-03 4.531860351562500000e-03 -2.056884765625000000e-01
-4.554748535156250000e-03 4.531860351562500000e-03 -2.056884765625000000e-01
-3.589630126953125000e-03 4.531860351562500000e-03 -2.056884765625000000e-01
-2.622604370117187500e-03 4.531860351562500000e-03 -2.056884765625000000e-01
-1.648902893066406250e-03 4.512786865234375000e-03 -2.047119140625000000e-01
-6.871223449707031250e-04 4.512786865234375000e-03 -2.047119140625000000e-01
2.744197845458984375e-04 4.512786865234375000e-03 -2.047119140625000000e-01
1.241683959960937500e-03 4.531860351562500000e-03 -2.056884765625000000e-01
2.208709716796875000e-03 4.531860351562500000e-03 -2.056884765625000000e-01
3.173828125000000000e-03 4.531860351562500000e-03 -2.056884765625000000e-01
4.161834716796875000e-03 4.554748535156250000e-03 -2.067871093750000000e-01
5.130767822265625000e-03 4.554748535156250000e-03 -2.067871093750000000e-01
6.134033203125000000e-03 4.577636718750000000e-03 -2.077636718750000000e-01
7.106781005859375000e-03 4.577636718750000000e-03 -2.077636718750000000e-01
8.117675781250000000e-03 4.600524902343750000e-03 -2.087402343750000000e-01
9.101867675781250000e-03 4.600524902343750000e-03 -2.087402343750000000e-01
1.013183593750000000e-02 4.623413085937500000e-03 -2.097167968750000000e-01
1.111602783203125000e-02 4.623413085937500000e-03 -2.097167968750000000e-01
1.216125488281250000e-02 4.642486572265625000e-03 -2.108154296875000000e-01
-1.753234863281250000e-02 3.654479980468750000e-03 -2.108154296875000000e-01
-1.654052734375000000e-02 3.654479980468750000e-03 -2.108154296875000000e-01
-1.548004150390625000e-02 3.637313842773437500e-03 -2.097167968750000000e-01
-1.449584960937500000e-02 3.637313842773437500e-03 -2.097167968750000000e-01
-1.344299316406250000e-02 3.620147705078125000e-03 -2.087402343750000000e-01
-1.246643066406250000e-02 3.620147705078125000e-03 -2.087402343750000000e-01
-1.148223876953125000e-02 3.620147705078125000e-03 -2.087402343750000000e-01
-1.045227050781250000e-02 3.602981567382812500e-03 -2.077636718750000000e-01
-9.475708007812500000e-03 3.602981567382812500e-03 -2.077636718750000000e-01
-8.460998535156250000e-03 3.585815429687500000e-03 -2.067871093750000000e-01
-7.492065429687500000e-03 3.585815429687500000e-03 -2.067871093750000000e-01
-6.488800048828125000e-03 3.568649291992187500e-03 -2.056884765625000000e-01
-5.519866943359375000e-03 3.568649291992187500e-03 -2.056884765625000000e-01
-4.531860351562500000e-03 3.549575805664062500e-03 -2.047119140625000000e-01
-3.572463989257812500e-03 3.549575805664062500e-03 -2.047119140625000000e-01
-2.609252929687500000e-03 3.549575805664062500e-03 -2.047119140625000000e-01
-1.640319824218750000e-03 3.532409667968750000e-03 -2.037353515625000000e-01
-6.837844848632812500e-04 3.532409667968750000e-03 -2.037353515625000000e-01
2.729892730712890625e-04 3.532409667968750000e-03 -2.037353515625000000e-01
1.235961914062500000e-03 3.549575805664062500e-03 -2.047119140625000000e-01
2.197265625000000000e-03 3.549575805664062500e-03 -2.047119140625000000e-01
3.158569335937500000e-03 3.549575805664062500e-03 -2.047119140625000000e-01
4.138946533203125000e-03 3.568649291992187500e-03 -2.056884765625000000e-01
5.107879638671875000e-03 3.568649291992187500e-03 -2.056884765625000000e-01
6.103515625000000000e-03 3.585815429687500000e-03 -2.067871093750000000e-01
7.106781005859375000e-03 3.602981567382812500e-03 -2.077636718750000000e-01
8.079528808593750000e-03 3.602981567382812500e-03 -2.077636718750000000e-01
9.101867675781250000e-03 3.620147705078125000e-03 -2.087402343750000000e-01
1.013183593750000000e-02 3.637313842773437500e-03 -2.097167968750000000e-01
1.111602783203125000e-02 3.637313842773437500e-03 -2.097167968750000000e-01
1.210021972656250000e-02 3.637313842773437500e-03 -2.097167968750000000e-01
-1.753234863281250000e-02 2.664566040039062500e-03 -2.108154296875000000e-01
-1.654052734375000000e-02 2.664566040039062500e-03 -2.108154296875000000e-01
-1.548004150390625000e-02 2.651214599609375000e-03 -2.097167968750000000e-01
-1.449584960937500000e-02 2.651214599609375000e-03 -2.097167968750000000e-01
-1.344299316406250000e-02 2.639770507812500000e-03 -2.087402343750000000e-01
-1.246643066406250000e-02 2.639770507812500000e-03 -2.087402343750000000e-01
-1.142883300781250000e-02 2.626419067382812500e-03 -2.077636718750000000e-01
-1.045227050781250000e-02 2.626419067382812500e-03 -2.077636718750000000e-01
-9.475708007812500000e-03 2.626419067382812500e-03 -2.077636718750000000e-01
-8.460998535156250000e-03 2.614974975585937500e-03 -2.067871093750000000e-01
-7.492065429687500000e-03 2.614974975585937500e-03 -2.067871093750000000e-01
-6.488800048828125000e-03 2.601623535156250000e-03 -2.056884765625000000e-01
-5.493164062500000000e-03 2.588272094726562500e-03 -2.047119140625000000e-01
-4.508972167968750000e-03 2.576828002929687500e-03 -2.037353515625000000e-01
-3.536224365234375000e-03 2.563476562500000000e-03 -2.027587890625000000e-01
-2.584457397460937500e-03 2.563476562500000000e-03 -2.027587890625000000e-01
-1.632690429687500000e-03 2.563476562500000000e-03 -2.027587890625000000e-01
-6.804466247558593750e-04 2.563476562500000000e-03 -2.027587890625000000e-01
2.729892730712890625e-04 2.576828002929687500e-03 -2.037353515625000000e-01
1.229286193847656250e-03 2.576828002929687500e-03 -2.037353515625000000e-01
2.185821533203125000e-03 2.576828002929687500e-03 -2.037353515625000000e-01
3.158569335937500000e-03 2.588272094726562500e-03 -2.047119140625000000e-01
4.119873046875000000e-03 2.588272094726562500e-03 -2.047119140625000000e-01
5.107879638671875000e-03 2.601623535156250000e-03 -2.056884765625000000e-01
6.072998046875000000e-03 2.601623535156250000e-03 -2.056884765625000000e-01
7.072448730468750000e-03 2.614974975585937500e-03 -2.067871093750000000e-01
8.079528808593750000e-03 2.626419067382812500e-03 -2.077636718750000000e-01
9.101867675781250000e-03 2.639770507812500000e-03 -2.087402343750000000e-01
1.008605957031250000e-02 2.639770507812500000e-03 -2.087402343750000000e-01
1.111602783203125000e-02 2.653121948242187500e-03 -2.097167968750000000e-01
1.210021972656250000e-02 2.653121948242187500e-03 -2.097167968750000000e-01
-1.449584960937500000e-02 1.667022705078125000e-03 -2.097167968750000000e-01
-1.344299316406250000e-02 1.659393310546875000e-03 -2.087402343750000000e-01
-1.246643066406250000e-02 1.659393310546875000e-03 -2.087402343750000000e-01
-1.142883300781250000e-02 1.651763916015625000e-03 -2.077636718750000000e-01
-1.045227050781250000e-02 1.651763916015625000e-03 -2.077636718750000000e-01
-9.429931640625000000e-03 1.643180847167968750e-03 -2.067871093750000000e-01
-8.460998535156250000e-03 1.643180847167968750e-03 -2.067871093750000000e-01
-7.492065429687500000e-03 1.643180847167968750e-03 -2.067871093750000000e-01
-6.488800048828125000e-03 1.635551452636718750e-03 -2.056884765625000000e-01
-5.439758300781250000e-03 1.611709594726562500e-03 -2.027587890625000000e-01
-4.489898681640625000e-03 1.611709594726562500e-03 -2.027587890625000000e-01
-3.519058227539062500e-03 1.603126525878906250e-03 -2.017822265625000000e-01
-2.571105957031250000e-03 1.603126525878906250e-03 -2.017822265625000000e-01
-1.624107360839843750e-03 1.603126525878906250e-03 -2.017822265625000000e-01
-6.771087646484375000e-04 1.603126525878906250e-03 -2.017822265625000000e-01
2.715587615966796875e-04 1.611709594726562500e-03 -2.027587890625000000e-01
1.223564147949218750e-03 1.611709594726562500e-03 -2.027587890625000000e-01
2.176284790039062500e-03 1.611709594726562500e-03 -2.027587890625000000e-01
3.143310546875000000e-03 1.619338989257812500e-03 -2.037353515625000000e-01
4.100799560546875000e-03 1.619338989257812500e-03 -2.037353515625000000e-01
5.081176757812500000e-03 1.626968383789062500e-03 -2.047119140625000000e-01
6.042480468750000000e-03 1.626968383789062500e-03 -2.047119140625000000e-01
7.038116455078125000e-03 1.635551452636718750e-03 -2.056884765625000000e-01
8.041381835937500000e-03 1.643180847167968750e-03 -2.067871093750000000e-01
9.056091308593750000e-03 1.651763916015625000e-03 -2.077636718750000000e-01
1.008605957031250000e-02 1.659393310546875000e-03 -2.087402343750000000e-01
-1.344299316406250000e-02 6.790161132812500000e-04 -2.087402343750000000e-01
-1.240539550781250000e-02 6.756782531738281250e-04 -2.077636718750000000e-01
-1.142883300781250000e-02 6.756782531738281250e-04 -2.077636718750000000e-01
-1.045227050781250000e-02 6.756782531738281250e-04 -2.077636718750000000e-01
-9.429931640625000000e-03 6.723403930664062500e-04 -2.067871093750000000e-01
-8.216857910156250000e-03 6.527900695800781250e-04 -2.006835937500000000e-01
-7.270812988281250000e-03 6.527900695800781250e-04 -2.006835937500000000e-01
-6.328582763671875000e-03 6.527900695800781250e-04 -2.006835937500000000e-01
-5.386352539062500000e-03 6.527900695800781250e-04 -2.006835937500000000e-01
-4.467010498046875000e-03 6.561279296875000000e-04 -2.017822265625000000e-01
-3.501892089843750000e-03 6.527900695800781250e-04 -2.006835937500000000e-01
-2.559661865234375000e-03 6.527900695800781250e-04 -2.006835937500000000e-01
-1.616477966308593750e-03 6.527900695800781250e-04 -2.006835937500000000e-01
-6.771087646484375000e-04 6.561279296875000000e-04 -2.017822265625000000e-01
2.703666687011718750e-04 6.561279296875000000e-04 -2.017822265625000000e-01
1.217842102050781250e-03 6.561279296875000000e-04 -2.017822265625000000e-01
2.164840698242187500e-03 6.561279296875000000e-04 -2.017822265625000000e-01
3.128051757812500000e-03 6.594657897949218750e-04 -2.027587890625000000e-01
4.077911376953125000e-03 6.594657897949218750e-04 -2.027587890625000000e-01
5.031585693359375000e-03 6.594657897949218750e-04 -2.027587890625000000e-01
6.011962890625000000e-03 6.628036499023437500e-04 -2.037353515625000000e-01
7.003784179687500000e-03 6.656646728515625000e-04 -2.047119140625000000e-01
8.041381835937500000e-03 6.723403930664062500e-04 -2.067871093750000000e-01
9.017944335937500000e-03 6.723403930664062500e-04 -2.067871093750000000e-01
-1.240539550781250000e-02 -2.999305725097656250e-04 -2.077636718750000000e-01
-1.142883300781250000e-02 -2.999305725097656250e-04 -2.077636718750000000e-01
-8.216857910156250000e-03 -2.899169921875000000e-04 -2.006835937500000000e-01
-7.270812988281250000e-03 -2.899169921875000000e-04 -2.006835937500000000e-01
-6.328582763671875000e-03 -2.899169921875000000e-04 -2.006835937500000000e-01
-5.386352539062500000e-03 -2.896785736083984375e-04 -2.006835937500000000e-01
-4.444122314453125000e-03 -2.896785736083984375e-04 -2.006835937500000000e-01
-3.501892089843750000e-03 -2.896785736083984375e-04 -2.006835937500000000e-01
-2.559661865234375000e-03 -2.896785736083984375e-04 -2.006835937500000000e-01
-1.616477966308593750e-03 -2.896785736083984375e-04 -2.006835937500000000e-01
-6.737709045410156250e-04 -2.896785736083984375e-04 -2.006835937500000000e-01
2.689361572265625000e-04 -2.896785736083984375e-04 -2.006835937500000000e-01
1.217842102050781250e-03 -2.911090850830078125e-04 -2.017822265625000000e-01
2.153396606445312500e-03 -2.896785736083984375e-04 -2.006835937500000000e-01
3.112792968750000000e-03 -2.911090850830078125e-04 -2.017822265625000000e-01
4.058837890625000000e-03 -2.911090850830078125e-04 -2.017822265625000000e-01
5.031585693359375000e-03 -2.927780151367187500e-04 -2.027587890625000000e-01
5.985260009765625000e-03 -2.927780151367187500e-04 -2.027587890625000000e-01
6.935119628906250000e-03 -2.927780151367187500e-04 -2.027587890625000000e-01
7.850646972656250000e-03 -2.911090850830078125e-04 -2.017822265625000000e-01
-1.010131835937500000e-02 -1.232147216796875000e-03 -2.006835937500000000e-01
-9.155273437500000000e-03 -1.232147216796875000e-03 -2.006835937500000000e-01
-8.216857910156250000e-03 -1.232147216796875000e-03 -2.006835937500000000e-01
-7.270812988281250000e-03 -1.232147216796875000e-03 -2.006835937500000000e-01
-6.328582763671875000e-03 -1.232147216796875000e-03 -2.006835937500000000e-01
-5.359649658203125000e-03 -1.226425170898437500e-03 -1.997070312500000000e-01
-4.421234130859375000e-03 -1.226425170898437500e-03 -1.997070312500000000e-01
-3.484725952148437500e-03 -1.226425170898437500e-03 -1.997070312500000000e-01
-2.546310424804687500e-03 -1.226425170898437500e-03 -1.997070312500000000e-01
-1.607894897460937500e-03 -1.226425170898437500e-03 -1.997070312500000000e-01
-6.704330444335937500e-04 -1.226425170898437500e-03 -1.997070312500000000e-01
2.675056457519531250e-04 -1.226425170898437500e-03 -1.997070312500000000e-01
1.211166381835937500e-03 -1.232147216796875000e-03 -2.006835937500000000e-01
2.153396606445312500e-03 -1.232147216796875000e-03 -2.006835937500000000e-01
3.097534179687500000e-03 -1.232147216796875000e-03 -2.006835937500000000e-01
4.058837890625000000e-03 -1.238822937011718750e-03 -2.017822265625000000e-01
5.004882812500000000e-03 -1.238822937011718750e-03 -2.017822265625000000e-01
5.954742431640625000e-03 -1.238822937011718750e-03 -2.017822265625000000e-01
6.900787353515625000e-03 -1.238822937011718750e-03 -2.017822265625000000e-01
7.850646972656250000e-03 -1.238822937011718750e-03 -2.017822265625000000e-01
-1.103973388671875000e-02 -2.174377441406250000e-03 -2.006835937500000000e-01
-1.010131835937500000e-02 -2.174377441406250000e-03 -2.006835937500000000e-01
-9.155273437500000000e-03 -2.174377441406250000e-03 -2.006835937500000000e-01
-8.216857910156250000e-03 -2.174377441406250000e-03 -2.006835937500000000e-01
-7.236480712890625000e-03 -2.164840698242187500e-03 -1.997070312500000000e-01
-6.298065185546875000e-03 -2.164840698242187500e-03 -1.997070312500000000e-01
-5.359649658203125000e-03 -2.164840698242187500e-03 -1.997070312500000000e-01
-4.421234130859375000e-03 -2.164840698242187500e-03 -1.997070312500000000e-01
-3.484725952148437500e-03 -2.164840698242187500e-03 -1.997070312500000000e-01
-2.546310424804687500e-03 -2.164840698242187500e-03 -1.997070312500000000e-01
-1.607894897460937500e-03 -2.164840698242187500e-03 -1.997070312500000000e-01
-6.704330444335937500e-04 -2.164840698242187500e-03 -1.997070312500000000e-01
2.675056457519531250e-04 -2.164840698242187500e-03 -1.997070312500000000e-01
1.205444335937500000e-03 -2.164840698242187500e-03 -1.997070312500000000e-01
2.153396606445312500e-03 -2.174377441406250000e-03 -2.006835937500000000e-01
3.097534179687500000e-03 -2.174377441406250000e-03 -2.006835937500000000e-01
4.039764404296875000e-03 -2.174377441406250000e-03 -2.006835937500000000e-01
4.981994628906250000e-03 -2.174377441406250000e-03 -2.006835937500000000e-01
5.954742431640625000e-03 -2.185821533203125000e-03 -2.017822265625000000e-01
6.900787353515625000e-03 -2.185821533203125000e-03 -2.017822265625000000e-01
7.812500000000000000e-03 -2.174377441406250000e-03 -2.006835937500000000e-01
8.750915527343750000e-03 -2.174377441406250000e-03 -2.006835937500000000e-01
-1.204681396484375000e-02 -3.133773803710937500e-03 -2.017822265625000000e-01
-1.103973388671875000e-02 -3.118515014648437500e-03 -2.006835937500000000e-01
-1.010131835937500000e-02 -3.118515014648437500e-03 -2.006835937500000000e-01
-9.155273437500000000e-03 -3.118515014648437500e-03 -2.006835937500000000e-01
-8.216857910156250000e-03 -3.118515014648437500e-03 -2.006835937500000000e-01
-7.236480712890625000e-03 -3.101348876953125000e-03 -1.997070312500000000e-01
-6.298065185546875000e-03 -3.101348876953125000e-03 -1.997070312500000000e-01
-5.359649658203125000e-03 -3.101348876953125000e-03 -1.997070312500000000e-01
-4.421234130859375000e-03 -3.101348876953125000e-03 -1.997070312500000000e-01
-3.484725952148437500e-03 -3.101348876953125000e-03 -1.997070312500000000e-01
-2.546310424804687500e-03 -3.101348876953125000e-03 -1.997070312500000000e-01
-1.607894897460937500e-03 -3.101348876953125000e-03 -1.997070312500000000e-01
-6.704330444335937500e-04 -3.101348876953125000e-03 -1.997070312500000000e-01
2.675056457519531250e-04 -3.101348876953125000e-03 -1.997070312500000000e-01
1.205444335937500000e-03 -3.101348876953125000e-03 -1.997070312500000000e-01
2.143859863281250000e-03 -3.101348876953125000e-03 -1.997070312500000000e-01
3.097534179687500000e-03 -3.118515014648437500e-03 -2.006835937500000000e-01
4.039764404296875000e-03 -3.118515014648437500e-03 -2.006835937500000000e-01
4.981994628906250000e-03 -3.118515014648437500e-03 -2.006835937500000000e-01
5.924224853515625000e-03 -3.118515014648437500e-03 -2.006835937500000000e-01
6.900787353515625000e-03 -3.133773803710937500e-03 -2.017822265625000000e-01
7.812500000000000000e-03 -3.118515014648437500e-03 -2.006835937500000000e-01
8.750915527343750000e-03 -3.118515014648437500e-03 -2.006835937500000000e-01
9.696960449218750000e-03 -3.118515014648437500e-03 -2.006835937500000000e-01
-1.299285888671875000e-02 -4.081726074218750000e-03 -2.017822265625000000e-01
-1.204681396484375000e-02 -4.081726074218750000e-03 -2.017822265625000000e-01
-1.103973388671875000e-02 -4.058837890625000000e-03 -2.006835937500000000e-01
-1.010131835937500000e-02 -4.058837890625000000e-03 -2.006835937500000000e-01
-9.155273437500000000e-03 -4.058837890625000000e-03 -2.006835937500000000e-01
-8.216857910156250000e-03 -4.058837890625000000e-03 -2.006835937500000000e-01
-7.236480712890625000e-03 -4.039764404296875000e-03 -1.997070312500000000e-01
-6.298065185546875000e-03 -4.039764404296875000e-03 -1.997070312500000000e-01
-5.359649658203125000e-03 -4.039764404296875000e-03 -1.997070312500000000e-01
-4.421234130859375000e-03 -4.039764404296875000e-03 -1.997070312500000000e-01
-3.484725952148437500e-03 -4.039764404296875000e-03 -1.997070312500000000e-01
-2.546310424804687500e-03 -4.039764404296875000e-03 -1.997070312500000000e-01
-1.607894897460937500e-03 -4.039764404296875000e-03 -1.997070312500000000e-01
-6.704330444335937500e-04 -4.039764404296875000e-03 -1.997070312500000000e-01
2.675056457519531250e-04 -4.039764404296875000e-03 -1.997070312500000000e-01
1.205444335937500000e-03 -4.039764404296875000e-03 -1.997070312500000000e-01
2.153396606445312500e-03 -4.058837890625000000e-03 -2.006835937500000000e-01
3.097534179687500000e-03 -4.058837890625000000e-03 -2.006835937500000000e-01
4.039764404296875000e-03 -4.058837890625000000e-03 -2.006835937500000000e-01
4.981994628906250000e-03 -4.058837890625000000e-03 -2.006835937500000000e-01
5.924224853515625000e-03 -4.058837890625000000e-03 -2.006835937500000000e-01
6.900787353515625000e-03 -4.081726074218750000e-03 -2.017822265625000000e-01
7.812500000000000000e-03 -4.058837890625000000e-03 -2.006835937500000000e-01
8.750915527343750000e-03 -4.058837890625000000e-03 -2.006835937500000000e-01
9.696960449218750000e-03 -4.058837890625000000e-03 -2.006835937500000000e-01
-1.299285888671875000e-02 -5.027770996093750000e-03 -2.017822265625000000e-01
-1.204681396484375000e-02 -5.027770996093750000e-03 -2.017822265625000000e-01
-1.103973388671875000e-02 -5.001068115234375000e-03 -2.006835937500000000e-01
-1.010131835937500000e-02 -5.001068115234375000e-03 -2.006835937500000000e-01
-9.155273437500000000e-03 -5.001068115234375000e-03 -2.006835937500000000e-01
-8.216857910156250000e-03 -5.001068115234375000e-03 -2.006835937500000000e-01
-7.270812988281250000e-03 -5.001068115234375000e-03 -2.006835937500000000e-01
-6.298065185546875000e-03 -4.978179931640625000e-03 -1.997070312500000000e-01
-5.359649658203125000e-03 -4.978179931640625000e-03 -1.997070312500000000e-01
-4.421234130859375000e-03 -4.978179931640625000e-03 -1.997070312500000000e-01
-3.484725952148437500e-03 -4.978179931640625000e-03 -1.997070312500000000e-01
-2.546310424804687500e-03 -4.978179931640625000e-03 -1.997070312500000000e-01
-1.607894897460937500e-03 -4.978179931640625000e-03 -1.997070312500000000e-01
-6.704330444335937500e-04 -4.978179931640625000e-03 -1.997070312500000000e-01
2.689361572265625000e-04 -5.001068115234375000e-03 -2.006835937500000000e-01
1.211166381835937500e-03 -5.001068115234375000e-03 -2.006835937500000000e-01
2.153396606445312500e-03 -5.001068115234375000e-03 -2.006835937500000000e-01
3.097534179687500000e-03 -5.001068115234375000e-03 -2.006835937500000000e-01
4.039764404296875000e-03 -5.001068115234375000e-03 -2.006835937500000000e-01
4.981994628906250000e-03 -5.001068115234375000e-03 -2.006835937500000000e-01
5.954742431640625000e-03 -5.027770996093750000e-03 -2.017822265625000000e-01
6.900787353515625000e-03 -5.027770996093750000e-03 -2.017822265625000000e-01
7.850646972656250000e-03 -5.027770996093750000e-03 -2.017822265625000000e-01
8.796691894531250000e-03 -5.027770996093750000e-03 -2.017822265625000000e-01
9.742736816406250000e-03 -5.027770996093750000e-03 -2.017822265625000000e-01
-1.393890380859375000e-02 -5.973815917968750000e-03 -2.017822265625000000e-01
-1.299285888671875000e-02 -5.973815917968750000e-03 -2.017822265625000000e-01
-1.204681396484375000e-02 -5.973815917968750000e-03 -2.017822265625000000e-01
-1.110076904296875000e-02 -5.973815917968750000e-03 -2.017822265625000000e-01
-1.010131835937500000e-02 -5.947113037109375000e-03 -2.006835937500000000e-01
-9.155273437500000000e-03 -5.947113037109375000e-03 -2.006835937500000000e-01
-8.216857910156250000e-03 -5.947113037109375000e-03 -2.006835937500000000e-01
-7.270812988281250000e-03 -5.947113037109375000e-03 -2.006835937500000000e-01
-6.328582763671875000e-03 -5.947113037109375000e-03 -2.006835937500000000e-01
-5.386352539062500000e-03 -5.947113037109375000e-03 -2.006835937500000000e-01
-4.444122314453125000e-03 -5.947113037109375000e-03 -2.006835937500000000e-01
-3.501892089843750000e-03 -5.947113037109375000e-03 -2.006835937500000000e-01
-2.559661865234375000e-03 -5.947113037109375000e-03 -2.006835937500000000e-01
-1.616477966308593750e-03 -5.947113037109375000e-03 -2.006835937500000000e-01
-6.737709045410156250e-04 -5.947113037109375000e-03 -2.006835937500000000e-01
2.689361572265625000e-04 -5.947113037109375000e-03 -2.006835937500000000e-01
1.211166381835937500e-03 -5.947113037109375000e-03 -2.006835937500000000e-01
2.153396606445312500e-03 -5.947113037109375000e-03 -2.006835937500000000e-01
3.112792968750000000e-03 -5.973815917968750000e-03 -2.017822265625000000e-01
4.058837890625000000e-03 -5.973815917968750000e-03 -2.017822265625000000e-01
5.004882812500000000e-03 -5.973815917968750000e-03 -2.017822265625000000e-01
5.954742431640625000e-03 -5.973815917968750000e-03 -2.017822265625000000e-01
6.900787353515625000e-03 -5.973815917968750000e-03 -2.017822265625000000e-01
7.850646972656250000e-03 -5.973815917968750000e-03 -2.017822265625000000e-01
8.796691894531250000e-03 -5.973815917968750000e-03 -2.017822265625000000e-01
9.742736816406250000e-03 -5.973815917968750000e-03 -2.017822265625000000e-01
-1.299285888671875000e-02 -6.923675537109375000e-03 -2.017822265625000000e-01
-1.204681396484375000e-02 -6.923675537109375000e-03 -2.017822265625000000e-01
-1.110076904296875000e-02 -6.923675537109375000e-03 -2.017822265625000000e-01
-1.014709472656250000e-02 -6.923675537109375000e-03 -2.017822265625000000e-01
-9.201049804687500000e-03 -6.923675537109375000e-03 -2.017822265625000000e-01
-8.216857910156250000e-03 -6.889343261718750000e-03 -2.006835937500000000e-01
-7.270812988281250000e-03 -6.889343261718750000e-03 -2.006835937500000000e-01
-6.328582763671875000e-03 -6.889343261718750000e-03 -2.006835937500000000e-01
-5.386352539062500000e-03 -6.889343261718750000e-03 -2.006835937500000000e-01
-4.444122314453125000e-03 -6.889343261718750000e-03 -2.006835937500000000e-01
-3.501892089843750000e-03 -6.889343261718750000e-03 -2.006835937500000000e-01
-2.559661865234375000e-03 -6.889343261718750000e-03 -2.006835937500000000e-01
-1.616477966308593750e-03 -6.889343261718750000e-03 -2.006835937500000000e-01
-6.737709045410156250e-04 -6.889343261718750000e-03 -2.006835937500000000e-01
2.703666687011718750e-04 -6.923675537109375000e-03 -2.017822265625000000e-01
1.217842102050781250e-03 -6.923675537109375000e-03 -2.017822265625000000e-01
2.164840698242187500e-03 -6.923675537109375000e-03 -2.017822265625000000e-01
3.112792968750000000e-03 -6.923675537109375000e-03 -2.017822265625000000e-01
4.058837890625000000e-03 -6.923675537109375000e-03 -2.017822265625000000e-01
5.004882812500000000e-03 -6.923675537109375000e-03 -2.017822265625000000e-01
5.954742431640625000e-03 -6.923675537109375000e-03 -2.017822265625000000e-01
6.900787353515625000e-03 -6.923675537109375000e-03 -2.017822265625000000e-01
7.850646972656250000e-03 -6.923675537109375000e-03 -2.017822265625000000e-01
8.796691894531250000e-03 -6.923675537109375000e-03 -2.017822265625000000e-01
9.742736816406250000e-03 -6.923675537109375000e-03 -2.017822265625000000e-01
-1.299285888671875000e-02 -7.865905761718750000e-03 -2.017822265625000000e-01
-1.204681396484375000e-02 -7.865905761718750000e-03 -2.017822265625000000e-01
-1.110076904296875000e-02 -7.865905761718750000e-03 -2.017822265625000000e-01
-1.014709472656250000e-02 -7.865905761718750000e-03 -2.017822265625000000e-01
-9.201049804687500000e-03 -7.865905761718750000e-03 -2.017822265625000000e-01
-8.255004882812500000e-03 -7.865905761718750000e-03 -2.017822265625000000e-01
-7.308959960937500000e-03 -7.865905761718750000e-03 -2.017822265625000000e-01
-6.362915039062500000e-03 -7.865905761718750000e-03 -2.017822265625000000e-01
-5.413055419921875000e-03 -7.865905761718750000e-03 -2.017822265625000000e-01
-4.467010498046875000e-03 -7.865905761718750000e-03 -2.017822265625000000e-01
-3.519058227539062500e-03 -7.865905761718750000e-03 -2.017822265625000000e-01
-2.571105957031250000e-03 -7.865905761718750000e-03 -2.017822265625000000e-01
-1.624107360839843750e-03 -7.865905761718750000e-03 -2.017822265625000000e-01
-6.771087646484375000e-04 -7.865905761718750000e-03 -2.017822265625000000e-01
2.703666687011718750e-04 -7.865905761718750000e-03 -2.017822265625000000e-01
1.223564147949218750e-03 -7.911682128906250000e-03 -2.027587890625000000e-01
2.176284790039062500e-03 -7.911682128906250000e-03 -2.027587890625000000e-01
3.128051757812500000e-03 -7.911682128906250000e-03 -2.027587890625000000e-01
4.077911376953125000e-03 -7.911682128906250000e-03 -2.027587890625000000e-01
5.031585693359375000e-03 -7.911682128906250000e-03 -2.027587890625000000e-01
5.985260009765625000e-03 -7.911682128906250000e-03 -2.027587890625000000e-01
6.935119628906250000e-03 -7.911682128906250000e-03 -2.027587890625000000e-01
7.888793945312500000e-03 -7.904052734375000000e-03 -2.027587890625000000e-01
8.842468261718750000e-03 -7.904052734375000000e-03 -2.027587890625000000e-01
9.742736816406250000e-03 -7.865905761718750000e-03 -2.017822265625000000e-01
-1.204681396484375000e-02 -8.819580078125000000e-03 -2.017822265625000000e-01
-1.110076904296875000e-02 -8.819580078125000000e-03 -2.017822265625000000e-01
-1.014709472656250000e-02 -8.819580078125000000e-03 -2.017822265625000000e-01
-9.246826171875000000e-03 -8.857727050781250000e-03 -2.027587890625000000e-01
-8.293151855468750000e-03 -8.857727050781250000e-03 -2.027587890625000000e-01
-7.347106933593750000e-03 -8.857727050781250000e-03 -2.027587890625000000e-01
-6.393432617187500000e-03 -8.857727050781250000e-03 -2.027587890625000000e-01
-5.439758300781250000e-03 -8.857727050781250000e-03 -2.027587890625000000e-01
-4.489898681640625000e-03 -8.857727050781250000e-03 -2.027587890625000000e-01
-3.536224365234375000e-03 -8.857727050781250000e-03 -2.027587890625000000e-01
-2.584457397460937500e-03 -8.857727050781250000e-03 -2.027587890625000000e-01
-1.632690429687500000e-03 -8.857727050781250000e-03 -2.027587890625000000e-01
-6.804466247558593750e-04 -8.857727050781250000e-03 -2.027587890625000000e-01
2.715587615966796875e-04 -8.857727050781250000e-03 -2.027587890625000000e-01
1.223564147949218750e-03 -8.857727050781250000e-03 -2.027587890625000000e-01
2.176284790039062500e-03 -8.857727050781250000e-03 -2.027587890625000000e-01
3.143310546875000000e-03 -8.903503417968750000e-03 -2.037353515625000000e-01
4.100799560546875000e-03 -8.903503417968750000e-03 -2.037353515625000000e-01
5.058288574218750000e-03 -8.903503417968750000e-03 -2.037353515625000000e-01
6.011962890625000000e-03 -8.903503417968750000e-03 -2.037353515625000000e-01
6.935119628906250000e-03 -8.857727050781250000e-03 -2.027587890625000000e-01
7.888793945312500000e-03 -8.857727050781250000e-03 -2.027587890625000000e-01
8.842468261718750000e-03 -8.857727050781250000e-03 -2.027587890625000000e-01
9.788513183593750000e-03 -8.857727050781250000e-03 -2.027587890625000000e-01
-1.014709472656250000e-02 -9.765625000000000000e-03 -2.017822265625000000e-01
-9.246826171875000000e-03 -9.811401367187500000e-03 -2.027587890625000000e-01
-8.293151855468750000e-03 -9.811401367187500000e-03 -2.027587890625000000e-01
-7.347106933593750000e-03 -9.811401367187500000e-03 -2.027587890625000000e-01
-6.393432617187500000e-03 -9.811401367187500000e-03 -2.027587890625000000e-01
-5.439758300781250000e-03 -9.811401367187500000e-03 -2.027587890625000000e-01
-4.489898681640625000e-03 -9.811401367187500000e-03 -2.027587890625000000e-01
-3.553390502929687500e-03 -9.864807128906250000e-03 -2.037353515625000000e-01
-2.597808837890625000e-03 -9.864807128906250000e-03 -2.037353515625000000e-01
-1.640319824218750000e-03 -9.864807128906250000e-03 -2.037353515625000000e-01
-6.837844848632812500e-04 -9.864807128906250000e-03 -2.037353515625000000e-01
2.729892730712890625e-04 -9.864807128906250000e-03 -2.037353515625000000e-01
1.229286193847656250e-03 -9.864807128906250000e-03 -2.037353515625000000e-01
2.185821533203125000e-03 -9.864807128906250000e-03 -2.037353515625000000e-01
3.143310546875000000e-03 -9.864807128906250000e-03 -2.037353515625000000e-01
4.100799560546875000e-03 -9.864807128906250000e-03 -2.037353515625000000e-01
5.058288574218750000e-03 -9.864807128906250000e-03 -2.037353515625000000e-01
6.011962890625000000e-03 -9.864807128906250000e-03 -2.037353515625000000e-01
6.969451904296875000e-03 -9.864807128906250000e-03 -2.037353515625000000e-01
7.926940917968750000e-03 -9.864807128906250000e-03 -2.037353515625000000e-01
-9.292602539062500000e-03 -1.081848144531250000e-02 -2.037353515625000000e-01
-8.338928222656250000e-03 -1.081848144531250000e-02 -2.037353515625000000e-01
-7.381439208984375000e-03 -1.081848144531250000e-02 -2.037353515625000000e-01
-6.423950195312500000e-03 -1.081848144531250000e-02 -2.037353515625000000e-01
-5.466461181640625000e-03 -1.081848144531250000e-02 -2.037353515625000000e-01
-4.508972167968750000e-03 -1.081848144531250000e-02 -2.037353515625000000e-01
-3.553390502929687500e-03 -1.081848144531250000e-02 -2.037353515625000000e-01
-2.609252929687500000e-03 -1.087188720703125000e-02 -2.047119140625000000e-01
-1.648902893066406250e-03 -1.087188720703125000e-02 -2.047119140625000000e-01
-6.871223449707031250e-04 -1.087188720703125000e-02 -2.047119140625000000e-01
2.741813659667968750e-04 -1.087188720703125000e-02 -2.047119140625000000e-01
1.235961914062500000e-03 -1.087188720703125000e-02 -2.047119140625000000e-01
2.197265625000000000e-03 -1.087188720703125000e-02 -2.047119140625000000e-01
3.158569335937500000e-03 -1.087188720703125000e-02 -2.047119140625000000e-01
4.119873046875000000e-03 -1.087188720703125000e-02 -2.047119140625000000e-01
5.081176757812500000e-03 -1.087188720703125000e-02 -2.047119140625000000e-01
6.042480468750000000e-03 -1.087188720703125000e-02 -2.047119140625000000e-01
6.969451904296875000e-03 -1.081848144531250000e-02 -2.037353515625000000e-01
7.926940917968750000e-03 -1.081848144531250000e-02 -2.037353515625000000e-01
-9.292602539062500000e-03 -1.177215576171875000e-02 -2.037353515625000000e-01
-8.377075195312500000e-03 -1.183319091796875000e-02 -2.047119140625000000e-01
-7.419586181640625000e-03 -1.183319091796875000e-02 -2.047119140625000000e-01
-6.454467773437500000e-03 -1.183319091796875000e-02 -2.047119140625000000e-01
-5.493164062500000000e-03 -1.183319091796875000e-02 -2.047119140625000000e-01
-4.531860351562500000e-03 -1.183319091796875000e-02 -2.047119140625000000e-01
-3.572463989257812500e-03 -1.183319091796875000e-02 -2.047119140625000000e-01
-2.609252929687500000e-03 -1.183319091796875000e-02 -2.047119140625000000e-01
-1.648902893066406250e-03 -1.183319091796875000e-02 -2.047119140625000000e-01
-6.904602050781250000e-04 -1.189422607421875000e-02 -2.056884765625000000e-01
2.756118774414062500e-04 -1.189422607421875000e-02 -2.056884765625000000e-01
1.241683959960937500e-03 -1.189422607421875000e-02 -2.056884765625000000e-01
2.208709716796875000e-03 -1.189422607421875000e-02 -2.056884765625000000e-01
3.173828125000000000e-03 -1.189422607421875000e-02 -2.056884765625000000e-01
4.138946533203125000e-03 -1.189422607421875000e-02 -2.056884765625000000e-01
5.081176757812500000e-03 -1.183319091796875000e-02 -2.047119140625000000e-01
6.042480468750000000e-03 -1.183319091796875000e-02 -2.047119140625000000e-01
7.003784179687500000e-03 -1.183319091796875000e-02 -2.047119140625000000e-01
-9.338378906250000000e-03 -1.279449462890625000e-02 -2.047119140625000000e-01
-8.377075195312500000e-03 -1.279449462890625000e-02 -2.047119140625000000e-01
-7.419586181640625000e-03 -1.279449462890625000e-02 -2.047119140625000000e-01
-6.454467773437500000e-03 -1.279449462890625000e-02 -2.047119140625000000e-01
-5.493164062500000000e-03 -1.279449462890625000e-02 -2.047119140625000000e-01
-4.554748535156250000e-03 -1.285552978515625000e-02 -2.056884765625000000e-01
-3.589630126953125000e-03 -1.285552978515625000e-02 -2.056884765625000000e-01
-2.622604370117187500e-03 -1.285552978515625000e-02 -2.056884765625000000e-01
-1.656532287597656250e-03 -1.285552978515625000e-02 -2.056884765625000000e-01
-6.904602050781250000e-04 -1.285552978515625000e-02 -2.056884765625000000e-01
2.756118774414062500e-04 -1.285552978515625000e-02 -2.056884765625000000e-01
1.241683959960937500e-03 -1.285552978515625000e-02 -2.056884765625000000e-01
2.208709716796875000e-03 -1.285552978515625000e-02 -2.056884765625000000e-01
3.173828125000000000e-03 -1.285552978515625000e-02 -2.056884765625000000e-01
4.138946533203125000e-03 -1.285552978515625000e-02 -2.056884765625000000e-01
5.107879638671875000e-03 -1.285552978515625000e-02 -2.056884765625000000e-01
-9.338378906250000000e-03 -1.375579833984375000e-02 -2.047119140625000000e-01
-8.377075195312500000e-03 -1.375579833984375000e-02 -2.047119140625000000e-01
-7.419586181640625000e-03 -1.375579833984375000e-02 -2.047119140625000000e-01
-6.488800048828125000e-03 -1.382446289062500000e-02 -2.056884765625000000e-01
-5.519866943359375000e-03 -1.382446289062500000e-02 -2.056884765625000000e-01
-4.554748535156250000e-03 -1.382446289062500000e-02 -2.056884765625000000e-01
-3.589630126953125000e-03 -1.382446289062500000e-02 -2.056884765625000000e-01
-2.622604370117187500e-03 -1.382446289062500000e-02 -2.056884765625000000e-01
-1.665115356445312500e-03 -1.389312744140625000e-02 -2.067871093750000000e-01
-6.937980651855468750e-04 -1.389312744140625000e-02 -2.067871093750000000e-01
2.770423889160156250e-04 -1.389312744140625000e-02 -2.067871093750000000e-01
1.247406005859375000e-03 -1.389312744140625000e-02 -2.067871093750000000e-01
2.218246459960937500e-03 -1.389312744140625000e-02 -2.067871093750000000e-01
3.173828125000000000e-03 -1.382446289062500000e-02 -2.056884765625000000e-01
4.138946533203125000e-03 -1.382446289062500000e-02 -2.056884765625000000e-01
-8.415222167968750000e-03 -1.479339599609375000e-02 -2.056884765625000000e-01
-7.453918457031250000e-03 -1.479339599609375000e-02 -2.056884765625000000e-01
-6.488800048828125000e-03 -1.479339599609375000e-02 -2.056884765625000000e-01
-5.519866943359375000e-03 -1.479339599609375000e-02 -2.056884765625000000e-01
-3.606796264648437500e-03 -1.486206054687500000e-02 -2.067871093750000000e-01
-2.635955810546875000e-03 -1.486206054687500000e-02 -2.067871093750000000e-01
-1.665115356445312500e-03 -1.486206054687500000e-02 -2.067871093750000000e-01
-6.937980651855468750e-04 -1.486206054687500000e-02 -2.067871093750000000e-01
2.770423889160156250e-04 -1.486206054687500000e-02 -2.067871093750000000e-01
1.247406005859375000e-03 -1.486206054687500000e-02 -2.067871093750000000e-01
2.218246459960937500e-03 -1.486206054687500000e-02 -2.067871093750000000e-01
