-1.702880859375000000e-02 4.409790039062500000e-02 -2.308349609375000000e-01
-1.594543457031250000e-02 4.409790039062500000e-02 -2.308349609375000000e-01
-1.486968994140625000e-02 4.409790039062500000e-02 -2.308349609375000000e-01
-1.378631591796875000e-02 4.409790039062500000e-02 -2.308349609375000000e-01
-1.270294189453125000e-02 4.409790039062500000e-02 -2.308349609375000000e-01
-1.161193847656250000e-02 4.409790039062500000e-02 -2.308349609375000000e-01
-1.052856445312500000e-02 4.409790039062500000e-02 -2.308349609375000000e-01
-9.445190429687500000e-03 4.409790039062500000e-02 -2.308349609375000000e-01
-8.361816406250000000e-03 4.409790039062500000e-02 -2.308349609375000000e-01
-6.221771240234375000e-03 4.431152343750000000e-02 -2.318115234375000000e-01
-5.134582519531250000e-03 4.431152343750000000e-02 -2.318115234375000000e-01
-2.027893066406250000e-02 4.302978515625000000e-02 -2.308349609375000000e-01
-1.919555664062500000e-02 4.302978515625000000e-02 -2.308349609375000000e-01
-1.811218261718750000e-02 4.302978515625000000e-02 -2.308349609375000000e-01
-1.702880859375000000e-02 4.302978515625000000e-02 -2.308349609375000000e-01
-1.594543457031250000e-02 4.302978515625000000e-02 -2.308349609375000000e-01
-1.486968994140625000e-02 4.302978515625000000e-02 -2.308349609375000000e-01
-1.378631591796875000e-02 4.302978515625000000e-02 -2.308349609375000000e-01
-1.270294189453125000e-02 4.302978515625000000e-02 -2.308349609375000000e-01
-1.161193847656250000e-02 4.302978515625000000e-02 -2.308349609375000000e-01
-1.052856445312500000e-02 4.302978515625000000e-02 -2.308349609375000000e-01
-9.445190429687500000e-03 4.302978515625000000e-02 -2.308349609375000000e-01
-8.361816406250000000e-03 4.302978515625000000e-02 -2.308349609375000000e-01
-7.278442382812500000e-03 4.302978515625000000e-02 -2.308349609375000000e-01
-6.195068359375000000e-03 4.302978515625000000e-02 -2.308349609375000000e-01
-5.134582519531250000e-03 4.321289062500000000e-02 -2.318115234375000000e-01
-4.043579101562500000e-03 4.321289062500000000e-02 -2.318115234375000000e-01
-2.127075195312500000e-02 4.174804687500000000e-02 -2.298583984375000000e-01
-2.020263671875000000e-02 4.174804687500000000e-02 -2.298583984375000000e-01
-1.911926269531250000e-02 4.174804687500000000e-02 -2.298583984375000000e-01
-1.803588867187500000e-02 4.174804687500000000e-02 -2.298583984375000000e-01
-1.702880859375000000e-02 4.193115234375000000e-02 -2.308349609375000000e-01
-1.594543457031250000e-02 4.193115234375000000e-02 -2.308349609375000000e-01
-1.486968994140625000e-02 4.193115234375000000e-02 -2.308349609375000000e-01
-1.372528076171875000e-02 4.174804687500000000e-02 -2.298583984375000000e-01
-1.264190673828125000e-02 4.174804687500000000e-02 -2.298583984375000000e-01
-1.156616210937500000e-02 4.174804687500000000e-02 -2.298583984375000000e-01
-1.048278808593750000e-02 4.174804687500000000e-02 -2.298583984375000000e-01
-9.407043457031250000e-03 4.174804687500000000e-02 -2.298583984375000000e-01
-8.361816406250000000e-03 4.193115234375000000e-02 -2.308349609375000000e-01
-7.278442382812500000e-03 4.193115234375000000e-02 -2.308349609375000000e-01
-6.195068359375000000e-03 4.193115234375000000e-02 -2.308349609375000000e-01
-5.111694335937500000e-03 4.193115234375000000e-02 -2.308349609375000000e-01
-4.043579101562500000e-03 4.211425781250000000e-02 -2.318115234375000000e-01
-2.127075195312500000e-02 4.067993164062500000e-02 -2.298583984375000000e-01
-2.020263671875000000e-02 4.067993164062500000e-02 -2.298583984375000000e-01
-1.911926269531250000e-02 4.067993164062500000e-02 -2.298583984375000000e-01
-1.803588867187500000e-02 4.067993164062500000e-02 -2.298583984375000000e-01
-1.695251464843750000e-02 4.067993164062500000e-02 -2.298583984375000000e-01
-1.588439941406250000e-02 4.067993164062500000e-02 -2.298583984375000000e-01
-1.480102539062500000e-02 4.067993164062500000e-02 -2.298583984375000000e-01
-1.372528076171875000e-02 4.067993164062500000e-02 -2.298583984375000000e-01
-1.264190673828125000e-02 4.067993164062500000e-02 -2.298583984375000000e-01
-1.156616210937500000e-02 4.067993164062500000e-02 -2.298583984375000000e-01
-1.048278808593750000e-02 4.067993164062500000e-02 -2.298583984375000000e-01
-9.407043457031250000e-03 4.067993164062500000e-02 -2.298583984375000000e-01
-8.323669433593750000e-03 4.067993164062500000e-02 -2.298583984375000000e-01
-7.247924804687500000e-03 4.067993164062500000e-02 -2.298583984375000000e-01
-6.168365478515625000e-03 4.067993164062500000e-02 -2.298583984375000000e-01
-5.111694335937500000e-03 4.086303710937500000e-02 -2.308349609375000000e-01
-4.043579101562500000e-03 4.104614257812500000e-02 -2.318115234375000000e-01
-2.117919921875000000e-02 3.942871093750000000e-02 -2.288818359375000000e-01
-2.011108398437500000e-02 3.942871093750000000e-02 -2.288818359375000000e-01
-1.902770996093750000e-02 3.942871093750000000e-02 -2.288818359375000000e-01
-1.795959472656250000e-02 3.942871093750000000e-02 -2.288818359375000000e-01
-1.689147949218750000e-02 3.942871093750000000e-02 -2.288818359375000000e-01
-1.580810546875000000e-02 3.942871093750000000e-02 -2.288818359375000000e-01
-1.473999023437500000e-02 3.942871093750000000e-02 -2.288818359375000000e-01
-1.366424560546875000e-02 3.942871093750000000e-02 -2.288818359375000000e-01
-1.258850097656250000e-02 3.942871093750000000e-02 -2.288818359375000000e-01
-1.151275634765625000e-02 3.942871093750000000e-02 -2.288818359375000000e-01
-1.043701171875000000e-02 3.942871093750000000e-02 -2.288818359375000000e-01
-9.361267089843750000e-03 3.942871093750000000e-02 -2.288818359375000000e-01
-8.285522460937500000e-03 3.942871093750000000e-02 -2.288818359375000000e-01
-7.217407226562500000e-03 3.942871093750000000e-02 -2.288818359375000000e-01
-6.168365478515625000e-03 3.961181640625000000e-02 -2.298583984375000000e-01
-5.088806152343750000e-03 3.961181640625000000e-02 -2.298583984375000000e-01
-2.117919921875000000e-02 3.836059570312500000e-02 -2.288818359375000000e-01
-2.011108398437500000e-02 3.836059570312500000e-02 -2.288818359375000000e-01
-1.902770996093750000e-02 3.836059570312500000e-02 -2.288818359375000000e-01
-1.795959472656250000e-02 3.836059570312500000e-02 -2.288818359375000000e-01
-1.689147949218750000e-02 3.836059570312500000e-02 -2.288818359375000000e-01
-1.580810546875000000e-02 3.836059570312500000e-02 -2.288818359375000000e-01
-1.473999023437500000e-02 3.836059570312500000e-02 -2.288818359375000000e-01
-1.366424560546875000e-02 3.836059570312500000e-02 -2.288818359375000000e-01
-1.258850097656250000e-02 3.836059570312500000e-02 -2.288818359375000000e-01
-1.151275634765625000e-02 3.836059570312500000e-02 -2.288818359375000000e-01
-1.039123535156250000e-02 3.817749023437500000e-02 -2.277832031250000000e-01
-9.323120117187500000e-03 3.817749023437500000e-02 -2.277832031250000000e-01
-8.255004882812500000e-03 3.817749023437500000e-02 -2.277832031250000000e-01
-7.183074951171875000e-03 3.817749023437500000e-02 -2.277832031250000000e-01
-6.141662597656250000e-03 3.836059570312500000e-02 -2.288818359375000000e-01
-5.065917968750000000e-03 3.836059570312500000e-02 -2.288818359375000000e-01
-2.117919921875000000e-02 3.726196289062500000e-02 -2.288818359375000000e-01
-2.011108398437500000e-02 3.726196289062500000e-02 -2.288818359375000000e-01
-1.895141601562500000e-02 3.710937500000000000e-02 -2.277832031250000000e-01
-1.788330078125000000e-02 3.710937500000000000e-02 -2.277832031250000000e-01
-1.681518554687500000e-02 3.710937500000000000e-02 -2.277832031250000000e-01
-1.574707031250000000e-02 3.710937500000000000e-02 -2.277832031250000000e-01
-1.467132568359375000e-02 3.710937500000000000e-02 -2.277832031250000000e-01
-1.360321044921875000e-02 3.710937500000000000e-02 -2.277832031250000000e-01
-1.253509521484375000e-02 3.710937500000000000e-02 -2.277832031250000000e-01
-1.146697998046875000e-02 3.710937500000000000e-02 -2.277832031250000000e-01
-1.039123535156250000e-02 3.710937500000000000e-02 -2.277832031250000000e-01
-9.323120117187500000e-03 3.710937500000000000e-02 -2.277832031250000000e-01
-8.216857910156250000e-03 3.695678710937500000e-02 -2.268066406250000000e-01
-7.152557373046875000e-03 3.695678710937500000e-02 -2.268066406250000000e-01
-6.061553955078125000e-03 3.677368164062500000e-02 -2.258300781250000000e-01
-5.001068115234375000e-03 3.677368164062500000e-02 -2.258300781250000000e-01
-2.117919921875000000e-02 3.445434570312500000e-02 -2.177734375000000000e-01
-2.015686035156250000e-02 3.445434570312500000e-02 -2.177734375000000000e-01
-1.913452148437500000e-02 3.445434570312500000e-02 -2.177734375000000000e-01
-1.887512207031250000e-02 3.588867187500000000e-02 -2.268066406250000000e-01
-1.780700683593750000e-02 3.588867187500000000e-02 -2.268066406250000000e-01
-1.681518554687500000e-02 3.604125976562500000e-02 -2.277832031250000000e-01
-1.574707031250000000e-02 3.604125976562500000e-02 -2.277832031250000000e-01
-1.467132568359375000e-02 3.604125976562500000e-02 -2.277832031250000000e-01
-1.360321044921875000e-02 3.604125976562500000e-02 -2.277832031250000000e-01
-1.253509521484375000e-02 3.604125976562500000e-02 -2.277832031250000000e-01
-1.146697998046875000e-02 3.604125976562500000e-02 -2.277832031250000000e-01
-1.034545898437500000e-02 3.588867187500000000e-02 -2.268066406250000000e-01
-9.284973144531250000e-03 3.588867187500000000e-02 -2.268066406250000000e-01
-8.216857910156250000e-03 3.588867187500000000e-02 -2.268066406250000000e-01
-7.152557373046875000e-03 3.588867187500000000e-02 -2.268066406250000000e-01
-5.897521972656250000e-03 3.475952148437500000e-02 -2.198486328125000000e-01
-4.844665527343750000e-03 3.460693359375000000e-02 -2.187500000000000000e-01
-3.816604614257812500e-03 3.460693359375000000e-02 -2.187500000000000000e-01
-2.788543701171875000e-03 3.460693359375000000e-02 -2.187500000000000000e-01
-1.761436462402343750e-03 3.460693359375000000e-02 -2.187500000000000000e-01
-2.210998535156250000e-02 3.326416015625000000e-02 -2.167968750000000000e-01
-2.108764648437500000e-02 3.326416015625000000e-02 -2.167968750000000000e-01
-2.006530761718750000e-02 3.326416015625000000e-02 -2.167968750000000000e-01
-1.913452148437500000e-02 3.341674804687500000e-02 -2.177734375000000000e-01
-1.803588867187500000e-02 3.326416015625000000e-02 -2.167968750000000000e-01
-1.708984375000000000e-02 3.341674804687500000e-02 -2.177734375000000000e-01
-1.614379882812500000e-02 3.359985351562500000e-02 -2.187500000000000000e-01
-1.519012451171875000e-02 3.375244140625000000e-02 -2.198486328125000000e-01
-1.422119140625000000e-02 3.390502929687500000e-02 -2.208251953125000000e-01
-1.354217529296875000e-02 3.482055664062500000e-02 -2.268066406250000000e-01
-1.219940185546875000e-02 3.405761718750000000e-02 -2.218017578125000000e-01
-1.141357421875000000e-02 3.482055664062500000e-02 -2.268066406250000000e-01
-1.034545898437500000e-02 3.482055664062500000e-02 -2.268066406250000000e-01
-9.239196777343750000e-03 3.466796875000000000e-02 -2.258300781250000000e-01
-7.965087890625000000e-03 3.375244140625000000e-02 -2.198486328125000000e-01
-6.900787353515625000e-03 3.359985351562500000e-02 -2.187500000000000000e-01
-5.870819091796875000e-03 3.359985351562500000e-02 -2.187500000000000000e-01
-4.844665527343750000e-03 3.359985351562500000e-02 -2.187500000000000000e-01
-3.799438476562500000e-03 3.341674804687500000e-02 -2.177734375000000000e-01
-2.777099609375000000e-03 3.341674804687500000e-02 -2.177734375000000000e-01
-1.753807067871093750e-03 3.341674804687500000e-02 -2.177734375000000000e-01
-7.309913635253906250e-04 3.341674804687500000e-02 -2.177734375000000000e-01
2.918243408203125000e-04 3.341674804687500000e-02 -2.177734375000000000e-01
-2.200317382812500000e-02 3.210449218750000000e-02 -2.158203125000000000e-01
-2.108764648437500000e-02 3.225708007812500000e-02 -2.167968750000000000e-01
-2.006530761718750000e-02 3.225708007812500000e-02 -2.167968750000000000e-01
-1.905822753906250000e-02 3.225708007812500000e-02 -2.167968750000000000e-01
-1.803588867187500000e-02 3.225708007812500000e-02 -2.167968750000000000e-01
-1.701354980468750000e-02 3.225708007812500000e-02 -2.167968750000000000e-01
-1.599121093750000000e-02 3.225708007812500000e-02 -2.167968750000000000e-01
-1.491546630859375000e-02 3.210449218750000000e-02 -2.158203125000000000e-01
-1.390075683593750000e-02 3.210449218750000000e-02 -2.158203125000000000e-01
-1.187133789062500000e-02 3.210449218750000000e-02 -2.158203125000000000e-01
-1.085662841796875000e-02 3.210449218750000000e-02 -2.158203125000000000e-01
-9.841918945312500000e-03 3.210449218750000000e-02 -2.158203125000000000e-01
-8.872985839843750000e-03 3.225708007812500000e-02 -2.167968750000000000e-01
-7.850646972656250000e-03 3.225708007812500000e-02 -2.167968750000000000e-01
-6.866455078125000000e-03 3.240966796875000000e-02 -2.177734375000000000e-01
-5.844116210937500000e-03 3.240966796875000000e-02 -2.177734375000000000e-01
-4.821777343750000000e-03 3.240966796875000000e-02 -2.177734375000000000e-01
-3.799438476562500000e-03 3.240966796875000000e-02 -2.177734375000000000e-01
-2.777099609375000000e-03 3.240966796875000000e-02 -2.177734375000000000e-01
-1.753807067871093750e-03 3.240966796875000000e-02 -2.177734375000000000e-01
-7.309913635253906250e-04 3.240966796875000000e-02 -2.177734375000000000e-01
2.918243408203125000e-04 3.240966796875000000e-02 -2.177734375000000000e-01
1.320838928222656250e-03 3.256225585937500000e-02 -2.187500000000000000e-01
-2.290344238281250000e-02 3.096008300781250000e-02 -2.147216796875000000e-01
-2.200317382812500000e-02 3.109741210937500000e-02 -2.158203125000000000e-01
-2.099609375000000000e-02 3.109741210937500000e-02 -2.158203125000000000e-01
-1.997375488281250000e-02 3.109741210937500000e-02 -2.158203125000000000e-01
-1.896667480468750000e-02 3.109741210937500000e-02 -2.158203125000000000e-01
-1.794433593750000000e-02 3.109741210937500000e-02 -2.158203125000000000e-01
-1.693725585937500000e-02 3.109741210937500000e-02 -2.158203125000000000e-01
-1.591491699218750000e-02 3.109741210937500000e-02 -2.158203125000000000e-01
-1.491546630859375000e-02 3.109741210937500000e-02 -2.158203125000000000e-01
-1.390075683593750000e-02 3.109741210937500000e-02 -2.158203125000000000e-01
-1.288604736328125000e-02 3.109741210937500000e-02 -2.158203125000000000e-01
-1.187133789062500000e-02 3.109741210937500000e-02 -2.158203125000000000e-01
-1.085662841796875000e-02 3.109741210937500000e-02 -2.158203125000000000e-01
-9.841918945312500000e-03 3.109741210937500000e-02 -2.158203125000000000e-01
-8.827209472656250000e-03 3.109741210937500000e-02 -2.158203125000000000e-01
-7.812500000000000000e-03 3.109741210937500000e-02 -2.158203125000000000e-01
-6.835937500000000000e-03 3.125000000000000000e-02 -2.167968750000000000e-01
-5.817413330078125000e-03 3.125000000000000000e-02 -2.167968750000000000e-01
-4.798889160156250000e-03 3.125000000000000000e-02 -2.167968750000000000e-01
-3.782272338867187500e-03 3.125000000000000000e-02 -2.167968750000000000e-01
-2.763748168945312500e-03 3.125000000000000000e-02 -2.167968750000000000e-01
-1.745223999023437500e-03 3.125000000000000000e-02 -2.167968750000000000e-01
-7.276535034179687500e-04 3.125000000000000000e-02 -2.167968750000000000e-01
2.918243408203125000e-04 3.137207031250000000e-02 -2.177734375000000000e-01
1.314163208007812500e-03 3.137207031250000000e-02 -2.177734375000000000e-01
-2.380371093750000000e-02 2.981567382812500000e-02 -2.137451171875000000e-01
-2.290344238281250000e-02 2.995300292968750000e-02 -2.147216796875000000e-01
-2.189636230468750000e-02 2.995300292968750000e-02 -2.147216796875000000e-01
-2.088928222656250000e-02 2.995300292968750000e-02 -2.147216796875000000e-01
-1.988220214843750000e-02 2.995300292968750000e-02 -2.147216796875000000e-01
-1.887512207031250000e-02 2.995300292968750000e-02 -2.147216796875000000e-01
-1.786804199218750000e-02 2.995300292968750000e-02 -2.147216796875000000e-01
-1.686096191406250000e-02 2.995300292968750000e-02 -2.147216796875000000e-01
-1.585388183593750000e-02 2.995300292968750000e-02 -2.147216796875000000e-01
-1.483917236328125000e-02 2.995300292968750000e-02 -2.147216796875000000e-01
-1.383209228515625000e-02 2.995300292968750000e-02 -2.147216796875000000e-01
-1.282501220703125000e-02 2.995300292968750000e-02 -2.147216796875000000e-01
-1.181793212890625000e-02 2.995300292968750000e-02 -2.147216796875000000e-01
-1.080322265625000000e-02 2.995300292968750000e-02 -2.147216796875000000e-01
-9.841918945312500000e-03 3.009033203125000000e-02 -2.158203125000000000e-01
-8.827209472656250000e-03 3.009033203125000000e-02 -2.158203125000000000e-01
-7.812500000000000000e-03 3.009033203125000000e-02 -2.158203125000000000e-01
-6.805419921875000000e-03 3.009033203125000000e-02 -2.158203125000000000e-01
-5.790710449218750000e-03 3.009033203125000000e-02 -2.158203125000000000e-01
-4.776000976562500000e-03 3.009033203125000000e-02 -2.158203125000000000e-01
-3.765106201171875000e-03 3.009033203125000000e-02 -2.158203125000000000e-01
-2.750396728515625000e-03 3.009033203125000000e-02 -2.158203125000000000e-01
-1.745223999023437500e-03 3.022766113281250000e-02 -2.167968750000000000e-01
-7.276535034179687500e-04 3.022766113281250000e-02 -2.167968750000000000e-01
2.903938293457031250e-04 3.022766113281250000e-02 -2.167968750000000000e-01
1.314163208007812500e-03 3.036499023437500000e-02 -2.177734375000000000e-01
-2.380371093750000000e-02 2.880859375000000000e-02 -2.137451171875000000e-01
-2.279663085937500000e-02 2.880859375000000000e-02 -2.137451171875000000e-01
-2.180480957031250000e-02 2.880859375000000000e-02 -2.137451171875000000e-01
-2.079772949218750000e-02 2.880859375000000000e-02 -2.137451171875000000e-01
-1.979064941406250000e-02 2.880859375000000000e-02 -2.137451171875000000e-01
-1.887512207031250000e-02 2.894592285156250000e-02 -2.147216796875000000e-01
-1.786804199218750000e-02 2.894592285156250000e-02 -2.147216796875000000e-01
-1.686096191406250000e-02 2.894592285156250000e-02 -2.147216796875000000e-01
-1.585388183593750000e-02 2.894592285156250000e-02 -2.147216796875000000e-01
-1.483917236328125000e-02 2.894592285156250000e-02 -2.147216796875000000e-01
-1.383209228515625000e-02 2.894592285156250000e-02 -2.147216796875000000e-01
-1.282501220703125000e-02 2.894592285156250000e-02 -2.147216796875000000e-01
-1.181793212890625000e-02 2.894592285156250000e-02 -2.147216796875000000e-01
-1.080322265625000000e-02 2.894592285156250000e-02 -2.147216796875000000e-01
-9.796142578125000000e-03 2.894592285156250000e-02 -2.147216796875000000e-01
-8.789062500000000000e-03 2.894592285156250000e-02 -2.147216796875000000e-01
-7.781982421875000000e-03 2.894592285156250000e-02 -2.147216796875000000e-01
-6.771087646484375000e-03 2.894592285156250000e-02 -2.147216796875000000e-01
-5.764007568359375000e-03 2.894592285156250000e-02 -2.147216796875000000e-01
-4.776000976562500000e-03 2.908325195312500000e-02 -2.158203125000000000e-01
-3.765106201171875000e-03 2.908325195312500000e-02 -2.158203125000000000e-01
-2.750396728515625000e-03 2.908325195312500000e-02 -2.158203125000000000e-01
-1.737594604492187500e-03 2.908325195312500000e-02 -2.158203125000000000e-01
-7.243156433105468750e-04 2.908325195312500000e-02 -2.158203125000000000e-01
2.903938293457031250e-04 2.920532226562500000e-02 -2.167968750000000000e-01
-2.569580078125000000e-02 2.766418457031250000e-02 -2.127685546875000000e-01
-2.468872070312500000e-02 2.766418457031250000e-02 -2.127685546875000000e-01
-2.369689941406250000e-02 2.766418457031250000e-02 -2.127685546875000000e-01
-2.268981933593750000e-02 2.766418457031250000e-02 -2.127685546875000000e-01
-2.169799804687500000e-02 2.766418457031250000e-02 -2.127685546875000000e-01
-2.079772949218750000e-02 2.780151367187500000e-02 -2.137451171875000000e-01
-1.979064941406250000e-02 2.780151367187500000e-02 -2.137451171875000000e-01
-1.878356933593750000e-02 2.780151367187500000e-02 -2.137451171875000000e-01
-1.777648925781250000e-02 2.780151367187500000e-02 -2.137451171875000000e-01
-1.678466796875000000e-02 2.780151367187500000e-02 -2.137451171875000000e-01
-1.577758789062500000e-02 2.780151367187500000e-02 -2.137451171875000000e-01
-1.477050781250000000e-02 2.780151367187500000e-02 -2.137451171875000000e-01
-1.377105712890625000e-02 2.780151367187500000e-02 -2.137451171875000000e-01
-1.276397705078125000e-02 2.780151367187500000e-02 -2.137451171875000000e-01
-1.175689697265625000e-02 2.780151367187500000e-02 -2.137451171875000000e-01
-1.075744628906250000e-02 2.780151367187500000e-02 -2.137451171875000000e-01
-9.750366210937500000e-03 2.780151367187500000e-02 -2.137451171875000000e-01
-8.750915527343750000e-03 2.780151367187500000e-02 -2.137451171875000000e-01
-7.743835449218750000e-03 2.780151367187500000e-02 -2.137451171875000000e-01
-6.771087646484375000e-03 2.793884277343750000e-02 -2.147216796875000000e-01
-5.764007568359375000e-03 2.793884277343750000e-02 -2.147216796875000000e-01
-4.753112792968750000e-03 2.793884277343750000e-02 -2.147216796875000000e-01
-3.746032714843750000e-03 2.793884277343750000e-02 -2.147216796875000000e-01
-2.737045288085937500e-03 2.793884277343750000e-02 -2.147216796875000000e-01
-1.729011535644531250e-03 2.793884277343750000e-02 -2.147216796875000000e-01
-7.243156433105468750e-04 2.806091308593750000e-02 -2.158203125000000000e-01
2.892017364501953125e-04 2.806091308593750000e-02 -2.158203125000000000e-01
1.302719116210937500e-03 2.806091308593750000e-02 -2.158203125000000000e-01
-2.668762207031250000e-02 2.667236328125000000e-02 -2.127685546875000000e-01
-2.569580078125000000e-02 2.667236328125000000e-02 -2.127685546875000000e-01
-2.458190917968750000e-02 2.655029296875000000e-02 -2.117919921875000000e-01
-2.359008789062500000e-02 2.655029296875000000e-02 -2.117919921875000000e-01
-2.268981933593750000e-02 2.667236328125000000e-02 -2.127685546875000000e-01
-2.169799804687500000e-02 2.667236328125000000e-02 -2.127685546875000000e-01
-2.069091796875000000e-02 2.667236328125000000e-02 -2.127685546875000000e-01
-1.969909667968750000e-02 2.667236328125000000e-02 -2.127685546875000000e-01
-1.869201660156250000e-02 2.667236328125000000e-02 -2.127685546875000000e-01
-1.770019531250000000e-02 2.667236328125000000e-02 -2.127685546875000000e-01
-1.669311523437500000e-02 2.667236328125000000e-02 -2.127685546875000000e-01
-1.570129394531250000e-02 2.667236328125000000e-02 -2.127685546875000000e-01
-1.470184326171875000e-02 2.667236328125000000e-02 -2.127685546875000000e-01
-1.370239257812500000e-02 2.667236328125000000e-02 -2.127685546875000000e-01
-1.270294189453125000e-02 2.667236328125000000e-02 -2.127685546875000000e-01
-1.170349121093750000e-02 2.667236328125000000e-02 -2.127685546875000000e-01
-1.070404052734375000e-02 2.667236328125000000e-02 -2.127685546875000000e-01
-9.750366210937500000e-03 2.679443359375000000e-02 -2.137451171875000000e-01
-8.750915527343750000e-03 2.679443359375000000e-02 -2.137451171875000000e-01
-7.743835449218750000e-03 2.679443359375000000e-02 -2.137451171875000000e-01
-6.740570068359375000e-03 2.679443359375000000e-02 -2.137451171875000000e-01
-5.737304687500000000e-03 2.679443359375000000e-02 -2.137451171875000000e-01
-4.734039306640625000e-03 2.679443359375000000e-02 -2.137451171875000000e-01
-3.728866577148437500e-03 2.679443359375000000e-02 -2.137451171875000000e-01
-2.725601196289062500e-03 2.679443359375000000e-02 -2.137451171875000000e-01
-1.729011535644531250e-03 2.691650390625000000e-02 -2.147216796875000000e-01
-7.209777832031250000e-04 2.691650390625000000e-02 -2.147216796875000000e-01
2.892017364501953125e-04 2.705383300781250000e-02 -2.158203125000000000e-01
-2.656555175781250000e-02 2.555847167968750000e-02 -2.117919921875000000e-01
-2.557373046875000000e-02 2.555847167968750000e-02 -2.117919921875000000e-01
-2.458190917968750000e-02 2.555847167968750000e-02 -2.117919921875000000e-01
-2.359008789062500000e-02 2.555847167968750000e-02 -2.117919921875000000e-01
-2.258300781250000000e-02 2.555847167968750000e-02 -2.117919921875000000e-01
-2.159118652343750000e-02 2.555847167968750000e-02 -2.117919921875000000e-01
-2.059936523437500000e-02 2.555847167968750000e-02 -2.117919921875000000e-01
-1.960754394531250000e-02 2.555847167968750000e-02 -2.117919921875000000e-01
-1.861572265625000000e-02 2.555847167968750000e-02 -2.117919921875000000e-01
-1.760864257812500000e-02 2.555847167968750000e-02 -2.117919921875000000e-01
-1.661682128906250000e-02 2.555847167968750000e-02 -2.117919921875000000e-01
-1.562500000000000000e-02 2.555847167968750000e-02 -2.117919921875000000e-01
-1.463317871093750000e-02 2.555847167968750000e-02 -2.117919921875000000e-01
-1.364135742187500000e-02 2.555847167968750000e-02 -2.117919921875000000e-01
-1.264190673828125000e-02 2.555847167968750000e-02 -2.117919921875000000e-01
-1.170349121093750000e-02 2.566528320312500000e-02 -2.127685546875000000e-01
-1.070404052734375000e-02 2.566528320312500000e-02 -2.127685546875000000e-01
-9.704589843750000000e-03 2.566528320312500000e-02 -2.127685546875000000e-01
-8.705139160156250000e-03 2.566528320312500000e-02 -2.127685546875000000e-01
-7.709503173828125000e-03 2.566528320312500000e-02 -2.127685546875000000e-01
-6.710052490234375000e-03 2.566528320312500000e-02 -2.127685546875000000e-01
-5.710601806640625000e-03 2.566528320312500000e-02 -2.127685546875000000e-01
-4.711151123046875000e-03 2.566528320312500000e-02 -2.127685546875000000e-01
-3.711700439453125000e-03 2.566528320312500000e-02 -2.127685546875000000e-01
-2.712249755859375000e-03 2.566528320312500000e-02 -2.127685546875000000e-01
-1.721382141113281250e-03 2.578735351562500000e-02 -2.137451171875000000e-01
-7.209777832031250000e-04 2.590942382812500000e-02 -2.147216796875000000e-01
-2.445983886718750000e-02 2.444458007812500000e-02 -2.108154296875000000e-01
-2.346801757812500000e-02 2.444458007812500000e-02 -2.108154296875000000e-01
-2.247619628906250000e-02 2.444458007812500000e-02 -2.108154296875000000e-01
-2.148437500000000000e-02 2.444458007812500000e-02 -2.108154296875000000e-01
-2.050781250000000000e-02 2.444458007812500000e-02 -2.108154296875000000e-01
-1.951599121093750000e-02 2.444458007812500000e-02 -2.108154296875000000e-01
-1.852416992187500000e-02 2.444458007812500000e-02 -2.108154296875000000e-01
-1.753234863281250000e-02 2.444458007812500000e-02 -2.108154296875000000e-01
-1.654052734375000000e-02 2.444458007812500000e-02 -2.108154296875000000e-01
-1.555633544921875000e-02 2.444458007812500000e-02 -2.108154296875000000e-01
-1.456451416015625000e-02 2.444458007812500000e-02 -2.108154296875000000e-01
-1.357269287109375000e-02 2.444458007812500000e-02 -2.108154296875000000e-01
-1.264190673828125000e-02 2.455139160156250000e-02 -2.117919921875000000e-01
-1.165008544921875000e-02 2.455139160156250000e-02 -2.117919921875000000e-01
-1.065826416015625000e-02 2.455139160156250000e-02 -2.117919921875000000e-01
-9.658813476562500000e-03 2.455139160156250000e-02 -2.117919921875000000e-01
-8.666992187500000000e-03 2.455139160156250000e-02 -2.117919921875000000e-01
-7.671356201171875000e-03 2.455139160156250000e-02 -2.117919921875000000e-01
-6.679534912109375000e-03 2.455139160156250000e-02 -2.117919921875000000e-01
-5.683898925781250000e-03 2.455139160156250000e-02 -2.117919921875000000e-01
-4.688262939453125000e-03 2.455139160156250000e-02 -2.117919921875000000e-01
-3.694534301757812500e-03 2.455139160156250000e-02 -2.117919921875000000e-01
-2.698898315429687500e-03 2.455139160156250000e-02 -2.117919921875000000e-01
-1.705169677734375000e-03 2.455139160156250000e-02 -2.117919921875000000e-01
-2.618408203125000000e-02 2.322387695312500000e-02 -2.087402343750000000e-01
-2.532958984375000000e-02 2.333068847656250000e-02 -2.097167968750000000e-01
-2.433776855468750000e-02 2.333068847656250000e-02 -2.097167968750000000e-01
-2.336120605468750000e-02 2.333068847656250000e-02 -2.097167968750000000e-01
-2.236938476562500000e-02 2.333068847656250000e-02 -2.097167968750000000e-01
-2.139282226562500000e-02 2.333068847656250000e-02 -2.097167968750000000e-01
-2.040100097656250000e-02 2.333068847656250000e-02 -2.097167968750000000e-01
-1.942443847656250000e-02 2.333068847656250000e-02 -2.097167968750000000e-01
-1.852416992187500000e-02 2.345275878906250000e-02 -2.108154296875000000e-01
-1.753234863281250000e-02 2.345275878906250000e-02 -2.108154296875000000e-01
-1.654052734375000000e-02 2.345275878906250000e-02 -2.108154296875000000e-01
-1.555633544921875000e-02 2.345275878906250000e-02 -2.108154296875000000e-01
-1.456451416015625000e-02 2.345275878906250000e-02 -2.108154296875000000e-01
-1.357269287109375000e-02 2.345275878906250000e-02 -2.108154296875000000e-01
-1.258087158203125000e-02 2.345275878906250000e-02 -2.108154296875000000e-01
-1.159667968750000000e-02 2.345275878906250000e-02 -2.108154296875000000e-01
-1.060485839843750000e-02 2.345275878906250000e-02 -2.108154296875000000e-01
-9.613037109375000000e-03 2.345275878906250000e-02 -2.108154296875000000e-01
-8.621215820312500000e-03 2.345275878906250000e-02 -2.108154296875000000e-01
-7.637023925781250000e-03 2.345275878906250000e-02 -2.108154296875000000e-01
-6.645202636718750000e-03 2.345275878906250000e-02 -2.108154296875000000e-01
-5.657196044921875000e-03 2.345275878906250000e-02 -2.108154296875000000e-01
-4.665374755859375000e-03 2.345275878906250000e-02 -2.108154296875000000e-01
-3.677368164062500000e-03 2.345275878906250000e-02 -2.108154296875000000e-01
-2.687454223632812500e-03 2.345275878906250000e-02 -2.108154296875000000e-01
-1.697540283203125000e-03 2.345275878906250000e-02 -2.108154296875000000e-01
-7.038116455078125000e-04 2.333068847656250000e-02 -2.097167968750000000e-01
-2.717590332031250000e-02 2.224731445312500000e-02 -2.087402343750000000e-01
-2.618408203125000000e-02 2.224731445312500000e-02 -2.087402343750000000e-01
-2.520751953125000000e-02 2.224731445312500000e-02 -2.087402343750000000e-01
-2.433776855468750000e-02 2.235412597656250000e-02 -2.097167968750000000e-01
-2.336120605468750000e-02 2.235412597656250000e-02 -2.097167968750000000e-01
-2.236938476562500000e-02 2.235412597656250000e-02 -2.097167968750000000e-01
-2.139282226562500000e-02 2.235412597656250000e-02 -2.097167968750000000e-01
-2.040100097656250000e-02 2.235412597656250000e-02 -2.097167968750000000e-01
-1.942443847656250000e-02 2.235412597656250000e-02 -2.097167968750000000e-01
-1.843261718750000000e-02 2.235412597656250000e-02 -2.097167968750000000e-01
-1.744079589843750000e-02 2.235412597656250000e-02 -2.097167968750000000e-01
-1.646423339843750000e-02 2.235412597656250000e-02 -2.097167968750000000e-01
-1.548004150390625000e-02 2.235412597656250000e-02 -2.097167968750000000e-01
-1.449584960937500000e-02 2.235412597656250000e-02 -2.097167968750000000e-01
-1.351165771484375000e-02 2.235412597656250000e-02 -2.097167968750000000e-01
-1.252746582031250000e-02 2.235412597656250000e-02 -2.097167968750000000e-01
-1.153564453125000000e-02 2.235412597656250000e-02 -2.097167968750000000e-01
-1.055145263671875000e-02 2.235412597656250000e-02 -2.097167968750000000e-01
-9.567260742187500000e-03 2.235412597656250000e-02 -2.097167968750000000e-01
-8.583068847656250000e-03 2.235412597656250000e-02 -2.097167968750000000e-01
-7.598876953125000000e-03 2.235412597656250000e-02 -2.097167968750000000e-01
-6.614685058593750000e-03 2.235412597656250000e-02 -2.097167968750000000e-01
-5.630493164062500000e-03 2.235412597656250000e-02 -2.097167968750000000e-01
-4.642486572265625000e-03 2.235412597656250000e-02 -2.097167968750000000e-01
-3.660202026367187500e-03 2.235412597656250000e-02 -2.097167968750000000e-01
-2.674102783203125000e-03 2.235412597656250000e-02 -2.097167968750000000e-01
-1.688957214355468750e-03 2.235412597656250000e-02 -2.097167968750000000e-01
-7.004737854003906250e-04 2.224731445312500000e-02 -2.087402343750000000e-01
-2.717590332031250000e-02 2.127075195312500000e-02 -2.087402343750000000e-01
-2.618408203125000000e-02 2.127075195312500000e-02 -2.087402343750000000e-01
-2.520751953125000000e-02 2.127075195312500000e-02 -2.087402343750000000e-01
-2.423095703125000000e-02 2.127075195312500000e-02 -2.087402343750000000e-01
-2.325439453125000000e-02 2.127075195312500000e-02 -2.087402343750000000e-01
-2.226257324218750000e-02 2.127075195312500000e-02 -2.087402343750000000e-01
-2.128601074218750000e-02 2.127075195312500000e-02 -2.087402343750000000e-01
-2.030944824218750000e-02 2.127075195312500000e-02 -2.087402343750000000e-01
-1.933288574218750000e-02 2.127075195312500000e-02 -2.087402343750000000e-01
-1.834106445312500000e-02 2.127075195312500000e-02 -2.087402343750000000e-01
-1.736450195312500000e-02 2.127075195312500000e-02 -2.087402343750000000e-01
-1.638793945312500000e-02 2.127075195312500000e-02 -2.087402343750000000e-01
-1.540374755859375000e-02 2.127075195312500000e-02 -2.087402343750000000e-01
-1.442718505859375000e-02 2.127075195312500000e-02 -2.087402343750000000e-01
-1.344299316406250000e-02 2.127075195312500000e-02 -2.087402343750000000e-01
-1.246643066406250000e-02 2.127075195312500000e-02 -2.087402343750000000e-01
-1.148223876953125000e-02 2.127075195312500000e-02 -2.087402343750000000e-01
-1.055145263671875000e-02 2.136230468750000000e-02 -2.097167968750000000e-01
-9.567260742187500000e-03 2.136230468750000000e-02 -2.097167968750000000e-01
-8.583068847656250000e-03 2.136230468750000000e-02 -2.097167968750000000e-01
-7.564544677734375000e-03 2.127075195312500000e-02 -2.087402343750000000e-01
-6.584167480468750000e-03 2.127075195312500000e-02 -2.087402343750000000e-01
-5.603790283203125000e-03 2.127075195312500000e-02 -2.087402343750000000e-01
-4.623413085937500000e-03 2.127075195312500000e-02 -2.087402343750000000e-01
-3.641128540039062500e-03 2.127075195312500000e-02 -2.087402343750000000e-01
-2.660751342773437500e-03 2.127075195312500000e-02 -2.087402343750000000e-01
-1.681327819824218750e-03 2.127075195312500000e-02 -2.087402343750000000e-01
-7.004737854003906250e-04 2.127075195312500000e-02 -2.087402343750000000e-01
2.796649932861328125e-04 2.127075195312500000e-02 -2.087402343750000000e-01
1.259803771972656250e-03 2.127075195312500000e-02 -2.087402343750000000e-01
2.241134643554687500e-03 2.127075195312500000e-02 -2.087402343750000000e-01
-2.717590332031250000e-02 2.027893066406250000e-02 -2.087402343750000000e-01
-2.618408203125000000e-02 2.027893066406250000e-02 -2.087402343750000000e-01
-2.520751953125000000e-02 2.027893066406250000e-02 -2.087402343750000000e-01
-2.423095703125000000e-02 2.027893066406250000e-02 -2.087402343750000000e-01
-2.325439453125000000e-02 2.027893066406250000e-02 -2.087402343750000000e-01
-2.226257324218750000e-02 2.027893066406250000e-02 -2.087402343750000000e-01
-2.128601074218750000e-02 2.027893066406250000e-02 -2.087402343750000000e-01
-2.030944824218750000e-02 2.027893066406250000e-02 -2.087402343750000000e-01
-1.933288574218750000e-02 2.027893066406250000e-02 -2.087402343750000000e-01
-1.834106445312500000e-02 2.027893066406250000e-02 -2.087402343750000000e-01
-1.736450195312500000e-02 2.027893066406250000e-02 -2.087402343750000000e-01
-1.638793945312500000e-02 2.027893066406250000e-02 -2.087402343750000000e-01
-1.540374755859375000e-02 2.027893066406250000e-02 -2.087402343750000000e-01
-1.442718505859375000e-02 2.027893066406250000e-02 -2.087402343750000000e-01
-1.344299316406250000e-02 2.027893066406250000e-02 -2.087402343750000000e-01
-1.246643066406250000e-02 2.027893066406250000e-02 -2.087402343750000000e-01
-1.148223876953125000e-02 2.027893066406250000e-02 -2.087402343750000000e-01
-1.050567626953125000e-02 2.027893066406250000e-02 -2.087402343750000000e-01
-9.521484375000000000e-03 2.027893066406250000e-02 -2.087402343750000000e-01
-8.544921875000000000e-03 2.027893066406250000e-02 -2.087402343750000000e-01
-7.564544677734375000e-03 2.027893066406250000e-02 -2.087402343750000000e-01
-6.584167480468750000e-03 2.027893066406250000e-02 -2.087402343750000000e-01
-5.603790283203125000e-03 2.027893066406250000e-02 -2.087402343750000000e-01
-4.623413085937500000e-03 2.027893066406250000e-02 -2.087402343750000000e-01
-3.641128540039062500e-03 2.027893066406250000e-02 -2.087402343750000000e-01
-2.660751342773437500e-03 2.027893066406250000e-02 -2.087402343750000000e-01
-1.681327819824218750e-03 2.027893066406250000e-02 -2.087402343750000000e-01
-7.004737854003906250e-04 2.027893066406250000e-02 -2.087402343750000000e-01
2.796649932861328125e-04 2.027893066406250000e-02 -2.087402343750000000e-01
1.259803771972656250e-03 2.027893066406250000e-02 -2.087402343750000000e-01
2.241134643554687500e-03 2.027893066406250000e-02 -2.087402343750000000e-01
-2.717590332031250000e-02 1.930236816406250000e-02 -2.087402343750000000e-01
-2.618408203125000000e-02 1.930236816406250000e-02 -2.087402343750000000e-01
-2.520751953125000000e-02 1.930236816406250000e-02 -2.087402343750000000e-01
-2.423095703125000000e-02 1.930236816406250000e-02 -2.087402343750000000e-01
-2.325439453125000000e-02 1.930236816406250000e-02 -2.087402343750000000e-01
-2.226257324218750000e-02 1.930236816406250000e-02 -2.087402343750000000e-01
-2.128601074218750000e-02 1.930236816406250000e-02 -2.087402343750000000e-01
-2.030944824218750000e-02 1.930236816406250000e-02 -2.087402343750000000e-01
-1.933288574218750000e-02 1.930236816406250000e-02 -2.087402343750000000e-01
-1.834106445312500000e-02 1.930236816406250000e-02 -2.087402343750000000e-01
-1.736450195312500000e-02 1.930236816406250000e-02 -2.087402343750000000e-01
-1.638793945312500000e-02 1.930236816406250000e-02 -2.087402343750000000e-01
-1.540374755859375000e-02 1.930236816406250000e-02 -2.087402343750000000e-01
-1.442718505859375000e-02 1.930236816406250000e-02 -2.087402343750000000e-01
-1.344299316406250000e-02 1.930236816406250000e-02 -2.087402343750000000e-01
-1.246643066406250000e-02 1.930236816406250000e-02 -2.087402343750000000e-01
-1.148223876953125000e-02 1.930236816406250000e-02 -2.087402343750000000e-01
-1.050567626953125000e-02 1.930236816406250000e-02 -2.087402343750000000e-01
-9.521484375000000000e-03 1.930236816406250000e-02 -2.087402343750000000e-01
-8.544921875000000000e-03 1.930236816406250000e-02 -2.087402343750000000e-01
-7.564544677734375000e-03 1.930236816406250000e-02 -2.087402343750000000e-01
-6.584167480468750000e-03 1.930236816406250000e-02 -2.087402343750000000e-01
-5.603790283203125000e-03 1.930236816406250000e-02 -2.087402343750000000e-01
-4.623413085937500000e-03 1.930236816406250000e-02 -2.087402343750000000e-01
-3.641128540039062500e-03 1.930236816406250000e-02 -2.087402343750000000e-01
-2.660751342773437500e-03 1.930236816406250000e-02 -2.087402343750000000e-01
-1.681327819824218750e-03 1.930236816406250000e-02 -2.087402343750000000e-01
-7.004737854003906250e-04 1.930236816406250000e-02 -2.087402343750000000e-01
2.796649932861328125e-04 1.930236816406250000e-02 -2.087402343750000000e-01
1.259803771972656250e-03 1.930236816406250000e-02 -2.087402343750000000e-01
2.241134643554687500e-03 1.930236816406250000e-02 -2.087402343750000000e-01
-2.815246582031250000e-02 1.832580566406250000e-02 -2.087402343750000000e-01
-2.717590332031250000e-02 1.832580566406250000e-02 -2.087402343750000000e-01
-2.618408203125000000e-02 1.832580566406250000e-02 -2.087402343750000000e-01
-2.520751953125000000e-02 1.832580566406250000e-02 -2.087402343750000000e-01
-2.423095703125000000e-02 1.832580566406250000e-02 -2.087402343750000000e-01
-2.325439453125000000e-02 1.832580566406250000e-02 -2.087402343750000000e-01
-2.226257324218750000e-02 1.832580566406250000e-02 -2.087402343750000000e-01
-2.128601074218750000e-02 1.832580566406250000e-02 -2.087402343750000000e-01
-2.020263671875000000e-02 1.823425292968750000e-02 -2.077636718750000000e-01
-1.922607421875000000e-02 1.823425292968750000e-02 -2.077636718750000000e-01
-1.824951171875000000e-02 1.823425292968750000e-02 -2.077636718750000000e-01
-1.728820800781250000e-02 1.823425292968750000e-02 -2.077636718750000000e-01
-1.631164550781250000e-02 1.823425292968750000e-02 -2.077636718750000000e-01
-1.533508300781250000e-02 1.823425292968750000e-02 -2.077636718750000000e-01
-1.435852050781250000e-02 1.823425292968750000e-02 -2.077636718750000000e-01
-1.338195800781250000e-02 1.823425292968750000e-02 -2.077636718750000000e-01
-1.240539550781250000e-02 1.823425292968750000e-02 -2.077636718750000000e-01
-1.142883300781250000e-02 1.823425292968750000e-02 -2.077636718750000000e-01
-1.045227050781250000e-02 1.823425292968750000e-02 -2.077636718750000000e-01
-9.475708007812500000e-03 1.823425292968750000e-02 -2.077636718750000000e-01
-8.499145507812500000e-03 1.823425292968750000e-02 -2.077636718750000000e-01
-7.526397705078125000e-03 1.823425292968750000e-02 -2.077636718750000000e-01
-6.549835205078125000e-03 1.823425292968750000e-02 -2.077636718750000000e-01
-5.577087402343750000e-03 1.823425292968750000e-02 -2.077636718750000000e-01
-4.600524902343750000e-03 1.823425292968750000e-02 -2.077636718750000000e-01
-3.623962402343750000e-03 1.823425292968750000e-02 -2.077636718750000000e-01
-2.660751342773437500e-03 1.832580566406250000e-02 -2.087402343750000000e-01
-1.681327819824218750e-03 1.832580566406250000e-02 -2.087402343750000000e-01
-7.004737854003906250e-04 1.832580566406250000e-02 -2.087402343750000000e-01
2.796649932861328125e-04 1.832580566406250000e-02 -2.087402343750000000e-01
1.259803771972656250e-03 1.832580566406250000e-02 -2.087402343750000000e-01
2.241134643554687500e-03 1.832580566406250000e-02 -2.087402343750000000e-01
-2.717590332031250000e-02 1.734924316406250000e-02 -2.087402343750000000e-01
-2.618408203125000000e-02 1.734924316406250000e-02 -2.087402343750000000e-01
-2.520751953125000000e-02 1.734924316406250000e-02 -2.087402343750000000e-01
-2.423095703125000000e-02 1.734924316406250000e-02 -2.087402343750000000e-01
-2.325439453125000000e-02 1.734924316406250000e-02 -2.087402343750000000e-01
-2.226257324218750000e-02 1.734924316406250000e-02 -2.087402343750000000e-01
-2.117919921875000000e-02 1.725769042968750000e-02 -2.077636718750000000e-01
-2.020263671875000000e-02 1.725769042968750000e-02 -2.077636718750000000e-01
-1.922607421875000000e-02 1.725769042968750000e-02 -2.077636718750000000e-01
-1.824951171875000000e-02 1.725769042968750000e-02 -2.077636718750000000e-01
-1.728820800781250000e-02 1.725769042968750000e-02 -2.077636718750000000e-01
-1.631164550781250000e-02 1.725769042968750000e-02 -2.077636718750000000e-01
-1.533508300781250000e-02 1.725769042968750000e-02 -2.077636718750000000e-01
-1.435852050781250000e-02 1.725769042968750000e-02 -2.077636718750000000e-01
-1.338195800781250000e-02 1.725769042968750000e-02 -2.077636718750000000e-01
-1.240539550781250000e-02 1.725769042968750000e-02 -2.077636718750000000e-01
-1.142883300781250000e-02 1.725769042968750000e-02 -2.077636718750000000e-01
-1.045227050781250000e-02 1.725769042968750000e-02 -2.077636718750000000e-01
-9.475708007812500000e-03 1.725769042968750000e-02 -2.077636718750000000e-01
-8.499145507812500000e-03 1.725769042968750000e-02 -2.077636718750000000e-01
-7.526397705078125000e-03 1.725769042968750000e-02 -2.077636718750000000e-01
-6.549835205078125000e-03 1.725769042968750000e-02 -2.077636718750000000e-01
-5.577087402343750000e-03 1.725769042968750000e-02 -2.077636718750000000e-01
-4.600524902343750000e-03 1.725769042968750000e-02 -2.077636718750000000e-01
-3.623962402343750000e-03 1.725769042968750000e-02 -2.077636718750000000e-01
-2.649307250976562500e-03 1.725769042968750000e-02 -2.077636718750000000e-01
-1.681327819824218750e-03 1.734924316406250000e-02 -2.087402343750000000e-01
-7.004737854003906250e-04 1.734924316406250000e-02 -2.087402343750000000e-01
2.796649932861328125e-04 1.734924316406250000e-02 -2.087402343750000000e-01
1.259803771972656250e-03 1.734924316406250000e-02 -2.087402343750000000e-01
2.241134643554687500e-03 1.734924316406250000e-02 -2.087402343750000000e-01
-2.717590332031250000e-02 1.635742187500000000e-02 -2.087402343750000000e-01
-2.618408203125000000e-02 1.635742187500000000e-02 -2.087402343750000000e-01
-2.520751953125000000e-02 1.635742187500000000e-02 -2.087402343750000000e-01
-2.423095703125000000e-02 1.635742187500000000e-02 -2.087402343750000000e-01
-2.325439453125000000e-02 1.635742187500000000e-02 -2.087402343750000000e-01
-2.226257324218750000e-02 1.635742187500000000e-02 -2.087402343750000000e-01
-2.117919921875000000e-02 1.628112792968750000e-02 -2.077636718750000000e-01
-2.020263671875000000e-02 1.628112792968750000e-02 -2.077636718750000000e-01
-1.922607421875000000e-02 1.628112792968750000e-02 -2.077636718750000000e-01
-1.824951171875000000e-02 1.628112792968750000e-02 -2.077636718750000000e-01
-1.728820800781250000e-02 1.628112792968750000e-02 -2.077636718750000000e-01
-1.631164550781250000e-02 1.628112792968750000e-02 -2.077636718750000000e-01
-1.533508300781250000e-02 1.628112792968750000e-02 -2.077636718750000000e-01
-1.435852050781250000e-02 1.628112792968750000e-02 -2.077636718750000000e-01
-1.338195800781250000e-02 1.628112792968750000e-02 -2.077636718750000000e-01
-1.240539550781250000e-02 1.628112792968750000e-02 -2.077636718750000000e-01
-1.142883300781250000e-02 1.628112792968750000e-02 -2.077636718750000000e-01
-1.045227050781250000e-02 1.628112792968750000e-02 -2.077636718750000000e-01
-9.475708007812500000e-03 1.628112792968750000e-02 -2.077636718750000000e-01
-8.499145507812500000e-03 1.628112792968750000e-02 -2.077636718750000000e-01
-7.526397705078125000e-03 1.628112792968750000e-02 -2.077636718750000000e-01
-6.549835205078125000e-03 1.628112792968750000e-02 -2.077636718750000000e-01
-5.577087402343750000e-03 1.628112792968750000e-02 -2.077636718750000000e-01
-4.600524902343750000e-03 1.628112792968750000e-02 -2.077636718750000000e-01
-3.623962402343750000e-03 1.628112792968750000e-02 -2.077636718750000000e-01
-2.649307250976562500e-03 1.628112792968750000e-02 -2.077636718750000000e-01
-1.681327819824218750e-03 1.635742187500000000e-02 -2.087402343750000000e-01
-7.004737854003906250e-04 1.635742187500000000e-02 -2.087402343750000000e-01
2.796649932861328125e-04 1.635742187500000000e-02 -2.087402343750000000e-01
1.259803771972656250e-03 1.635742187500000000e-02 -2.087402343750000000e-01
2.241134643554687500e-03 1.635742187500000000e-02 -2.087402343750000000e-01
-2.717590332031250000e-02 1.538848876953125000e-02 -2.087402343750000000e-01
-2.618408203125000000e-02 1.538848876953125000e-02 -2.087402343750000000e-01
-2.520751953125000000e-02 1.538848876953125000e-02 -2.087402343750000000e-01
-2.423095703125000000e-02 1.538848876953125000e-02 -2.087402343750000000e-01
-2.325439453125000000e-02 1.538848876953125000e-02 -2.087402343750000000e-01
-2.226257324218750000e-02 1.538848876953125000e-02 -2.087402343750000000e-01
-2.117919921875000000e-02 1.531219482421875000e-02 -2.077636718750000000e-01
-2.020263671875000000e-02 1.531219482421875000e-02 -2.077636718750000000e-01
-1.922607421875000000e-02 1.531219482421875000e-02 -2.077636718750000000e-01
-1.824951171875000000e-02 1.531219482421875000e-02 -2.077636718750000000e-01
-1.728820800781250000e-02 1.531219482421875000e-02 -2.077636718750000000e-01
-1.631164550781250000e-02 1.531219482421875000e-02 -2.077636718750000000e-01
-1.525878906250000000e-02 1.523590087890625000e-02 -2.067871093750000000e-01
-1.428985595703125000e-02 1.523590087890625000e-02 -2.067871093750000000e-01
-1.331329345703125000e-02 1.523590087890625000e-02 -2.067871093750000000e-01
-1.234436035156250000e-02 1.523590087890625000e-02 -2.067871093750000000e-01
-1.137542724609375000e-02 1.523590087890625000e-02 -2.067871093750000000e-01
-1.039886474609375000e-02 1.523590087890625000e-02 -2.067871093750000000e-01
-9.429931640625000000e-03 1.523590087890625000e-02 -2.067871093750000000e-01
-8.499145507812500000e-03 1.531219482421875000e-02 -2.077636718750000000e-01
-7.526397705078125000e-03 1.531219482421875000e-02 -2.077636718750000000e-01
-6.549835205078125000e-03 1.531219482421875000e-02 -2.077636718750000000e-01
-5.577087402343750000e-03 1.531219482421875000e-02 -2.077636718750000000e-01
-4.600524902343750000e-03 1.531219482421875000e-02 -2.077636718750000000e-01
-3.623962402343750000e-03 1.531219482421875000e-02 -2.077636718750000000e-01
-2.649307250976562500e-03 1.531219482421875000e-02 -2.077636718750000000e-01
-1.681327819824218750e-03 1.538848876953125000e-02 -2.087402343750000000e-01
-7.004737854003906250e-04 1.538848876953125000e-02 -2.087402343750000000e-01
2.796649932861328125e-04 1.538848876953125000e-02 -2.087402343750000000e-01
1.259803771972656250e-03 1.538848876953125000e-02 -2.087402343750000000e-01
2.241134643554687500e-03 1.538848876953125000e-02 -2.087402343750000000e-01
-2.717590332031250000e-02 1.440429687500000000e-02 -2.087402343750000000e-01
-2.618408203125000000e-02 1.440429687500000000e-02 -2.087402343750000000e-01
-2.520751953125000000e-02 1.440429687500000000e-02 -2.087402343750000000e-01
-2.423095703125000000e-02 1.440429687500000000e-02 -2.087402343750000000e-01
-2.325439453125000000e-02 1.440429687500000000e-02 -2.087402343750000000e-01
-2.226257324218750000e-02 1.440429687500000000e-02 -2.087402343750000000e-01
-2.117919921875000000e-02 1.433563232421875000e-02 -2.077636718750000000e-01
-2.020263671875000000e-02 1.433563232421875000e-02 -2.077636718750000000e-01
-1.922607421875000000e-02 1.433563232421875000e-02 -2.077636718750000000e-01
-1.817321777343750000e-02 1.426696777343750000e-02 -2.067871093750000000e-01
-1.719665527343750000e-02 1.426696777343750000e-02 -2.067871093750000000e-01
-1.622009277343750000e-02 1.426696777343750000e-02 -2.067871093750000000e-01
-1.525878906250000000e-02 1.426696777343750000e-02 -2.067871093750000000e-01
-1.428985595703125000e-02 1.426696777343750000e-02 -2.067871093750000000e-01
-1.331329345703125000e-02 1.426696777343750000e-02 -2.067871093750000000e-01
-1.234436035156250000e-02 1.426696777343750000e-02 -2.067871093750000000e-01
-1.137542724609375000e-02 1.426696777343750000e-02 -2.067871093750000000e-01
-1.039886474609375000e-02 1.426696777343750000e-02 -2.067871093750000000e-01
-9.429931640625000000e-03 1.426696777343750000e-02 -2.067871093750000000e-01
-8.460998535156250000e-03 1.426696777343750000e-02 -2.067871093750000000e-01
-7.492065429687500000e-03 1.426696777343750000e-02 -2.067871093750000000e-01
-6.519317626953125000e-03 1.426696777343750000e-02 -2.067871093750000000e-01
-5.577087402343750000e-03 1.433563232421875000e-02 -2.077636718750000000e-01
-4.600524902343750000e-03 1.433563232421875000e-02 -2.077636718750000000e-01
-3.623962402343750000e-03 1.433563232421875000e-02 -2.077636718750000000e-01
-2.649307250976562500e-03 1.433563232421875000e-02 -2.077636718750000000e-01
-1.672744750976562500e-03 1.433563232421875000e-02 -2.077636718750000000e-01
-7.004737854003906250e-04 1.440429687500000000e-02 -2.087402343750000000e-01
2.796649932861328125e-04 1.440429687500000000e-02 -2.087402343750000000e-01
1.259803771972656250e-03 1.440429687500000000e-02 -2.087402343750000000e-01
2.241134643554687500e-03 1.440429687500000000e-02 -2.087402343750000000e-01
-2.717590332031250000e-02 1.342010498046875000e-02 -2.087402343750000000e-01
-2.618408203125000000e-02 1.342010498046875000e-02 -2.087402343750000000e-01
-2.520751953125000000e-02 1.342010498046875000e-02 -2.087402343750000000e-01
-2.423095703125000000e-02 1.342010498046875000e-02 -2.087402343750000000e-01
-2.325439453125000000e-02 1.342010498046875000e-02 -2.087402343750000000e-01
-2.226257324218750000e-02 1.342010498046875000e-02 -2.087402343750000000e-01
-2.117919921875000000e-02 1.335906982421875000e-02 -2.077636718750000000e-01
-2.020263671875000000e-02 1.335906982421875000e-02 -2.077636718750000000e-01
-1.913452148437500000e-02 1.329803466796875000e-02 -2.067871093750000000e-01
-1.817321777343750000e-02 1.329803466796875000e-02 -2.067871093750000000e-01
-1.719665527343750000e-02 1.329803466796875000e-02 -2.067871093750000000e-01
-1.622009277343750000e-02 1.329803466796875000e-02 -2.067871093750000000e-01
-1.525878906250000000e-02 1.329803466796875000e-02 -2.067871093750000000e-01
-1.422119140625000000e-02 1.322937011718750000e-02 -2.056884765625000000e-01
-1.325225830078125000e-02 1.322937011718750000e-02 -2.056884765625000000e-01
-1.228332519531250000e-02 1.322937011718750000e-02 -2.056884765625000000e-01
-1.132202148437500000e-02 1.322937011718750000e-02 -2.056884765625000000e-01
-1.039886474609375000e-02 1.329803466796875000e-02 -2.067871093750000000e-01
-9.429931640625000000e-03 1.329803466796875000e-02 -2.067871093750000000e-01
-8.460998535156250000e-03 1.329803466796875000e-02 -2.067871093750000000e-01
-7.492065429687500000e-03 1.329803466796875000e-02 -2.067871093750000000e-01
-6.519317626953125000e-03 1.329803466796875000e-02 -2.067871093750000000e-01
-5.546569824218750000e-03 1.329803466796875000e-02 -2.067871093750000000e-01
-4.577636718750000000e-03 1.329803466796875000e-02 -2.067871093750000000e-01
-3.623962402343750000e-03 1.335906982421875000e-02 -2.077636718750000000e-01
-2.649307250976562500e-03 1.335906982421875000e-02 -2.077636718750000000e-01
-1.672744750976562500e-03 1.335906982421875000e-02 -2.077636718750000000e-01
-7.004737854003906250e-04 1.342010498046875000e-02 -2.087402343750000000e-01
2.796649932861328125e-04 1.342010498046875000e-02 -2.087402343750000000e-01
1.259803771972656250e-03 1.342010498046875000e-02 -2.087402343750000000e-01
2.241134643554687500e-03 1.342010498046875000e-02 -2.087402343750000000e-01
-2.618408203125000000e-02 1.244354248046875000e-02 -2.087402343750000000e-01
-2.520751953125000000e-02 1.244354248046875000e-02 -2.087402343750000000e-01
-2.423095703125000000e-02 1.244354248046875000e-02 -2.087402343750000000e-01
-2.325439453125000000e-02 1.244354248046875000e-02 -2.087402343750000000e-01
-2.215576171875000000e-02 1.238250732421875000e-02 -2.077636718750000000e-01
-2.117919921875000000e-02 1.238250732421875000e-02 -2.077636718750000000e-01
-2.020263671875000000e-02 1.238250732421875000e-02 -2.077636718750000000e-01
-1.913452148437500000e-02 1.232147216796875000e-02 -2.067871093750000000e-01
-1.808166503906250000e-02 1.226043701171875000e-02 -2.056884765625000000e-01
-1.712036132812500000e-02 1.226043701171875000e-02 -2.056884765625000000e-01
-1.614379882812500000e-02 1.226043701171875000e-02 -2.056884765625000000e-01
-1.518249511718750000e-02 1.226043701171875000e-02 -2.056884765625000000e-01
-1.422119140625000000e-02 1.226043701171875000e-02 -2.056884765625000000e-01
-1.325225830078125000e-02 1.226043701171875000e-02 -2.056884765625000000e-01
-1.228332519531250000e-02 1.226043701171875000e-02 -2.056884765625000000e-01
-1.132202148437500000e-02 1.226043701171875000e-02 -2.056884765625000000e-01
-1.035308837890625000e-02 1.226043701171875000e-02 -2.056884765625000000e-01
-9.384155273437500000e-03 1.226043701171875000e-02 -2.056884765625000000e-01
-8.415222167968750000e-03 1.226043701171875000e-02 -2.056884765625000000e-01
-7.453918457031250000e-03 1.226043701171875000e-02 -2.056884765625000000e-01
-6.488800048828125000e-03 1.226043701171875000e-02 -2.056884765625000000e-01
-5.546569824218750000e-03 1.232147216796875000e-02 -2.067871093750000000e-01
-4.577636718750000000e-03 1.232147216796875000e-02 -2.067871093750000000e-01
-3.606796264648437500e-03 1.232147216796875000e-02 -2.067871093750000000e-01
-2.635955810546875000e-03 1.232147216796875000e-02 -2.067871093750000000e-01
-1.672744750976562500e-03 1.238250732421875000e-02 -2.077636718750000000e-01
-6.971359252929687500e-04 1.238250732421875000e-02 -2.077636718750000000e-01
2.796649932861328125e-04 1.244354248046875000e-02 -2.087402343750000000e-01
1.259803771972656250e-03 1.244354248046875000e-02 -2.087402343750000000e-01
2.250671386718750000e-03 1.250457763671875000e-02 -2.097167968750000000e-01
-2.423095703125000000e-02 1.145935058593750000e-02 -2.087402343750000000e-01
-2.325439453125000000e-02 1.145935058593750000e-02 -2.087402343750000000e-01
-2.215576171875000000e-02 1.140594482421875000e-02 -2.077636718750000000e-01
-2.117919921875000000e-02 1.140594482421875000e-02 -2.077636718750000000e-01
-2.011108398437500000e-02 1.135253906250000000e-02 -2.067871093750000000e-01
-1.904296875000000000e-02 1.129913330078125000e-02 -2.056884765625000000e-01
-1.808166503906250000e-02 1.129913330078125000e-02 -2.056884765625000000e-01
-1.702880859375000000e-02 1.124572753906250000e-02 -2.047119140625000000e-01
-1.606750488281250000e-02 1.124572753906250000e-02 -2.047119140625000000e-01
-1.511383056640625000e-02 1.124572753906250000e-02 -2.047119140625000000e-01
-1.414489746093750000e-02 1.124572753906250000e-02 -2.047119140625000000e-01
-1.318359375000000000e-02 1.124572753906250000e-02 -2.047119140625000000e-01
-1.222229003906250000e-02 1.124572753906250000e-02 -2.047119140625000000e-01
-1.126098632812500000e-02 1.124572753906250000e-02 -2.047119140625000000e-01
-1.029968261718750000e-02 1.124572753906250000e-02 -2.047119140625000000e-01
-9.338378906250000000e-03 1.124572753906250000e-02 -2.047119140625000000e-01
-8.377075195312500000e-03 1.124572753906250000e-02 -2.047119140625000000e-01
-7.419586181640625000e-03 1.124572753906250000e-02 -2.047119140625000000e-01
-6.488800048828125000e-03 1.129913330078125000e-02 -2.056884765625000000e-01
-5.519866943359375000e-03 1.129913330078125000e-02 -2.056884765625000000e-01
-4.554748535156250000e-03 1.129913330078125000e-02 -2.056884765625000000e-01
-3.589630126953125000e-03 1.129913330078125000e-02 -2.056884765625000000e-01
-2.635955810546875000e-03 1.135253906250000000e-02 -2.067871093750000000e-01
-1.665115356445312500e-03 1.135253906250000000e-02 -2.067871093750000000e-01
-6.971359252929687500e-04 1.140594482421875000e-02 -2.077636718750000000e-01
2.784729003906250000e-04 1.140594482421875000e-02 -2.077636718750000000e-01
1.259803771972656250e-03 1.145935058593750000e-02 -2.087402343750000000e-01
-2.011108398437500000e-02 1.038360595703125000e-02 -2.067871093750000000e-01
-1.895141601562500000e-02 1.027679443359375000e-02 -2.047119140625000000e-01
-1.799011230468750000e-02 1.027679443359375000e-02 -2.047119140625000000e-01
-1.702880859375000000e-02 1.027679443359375000e-02 -2.047119140625000000e-01
-1.599121093750000000e-02 1.023101806640625000e-02 -2.037353515625000000e-01
-1.511383056640625000e-02 1.027679443359375000e-02 -2.047119140625000000e-01
-1.414489746093750000e-02 1.027679443359375000e-02 -2.047119140625000000e-01
-1.312255859375000000e-02 1.023101806640625000e-02 -2.037353515625000000e-01
-1.216125488281250000e-02 1.023101806640625000e-02 -2.037353515625000000e-01
-1.120758056640625000e-02 1.023101806640625000e-02 -2.037353515625000000e-01
-1.025390625000000000e-02 1.023101806640625000e-02 -2.037353515625000000e-01
-9.292602539062500000e-03 1.023101806640625000e-02 -2.037353515625000000e-01
-8.338928222656250000e-03 1.023101806640625000e-02 -2.037353515625000000e-01
-7.419586181640625000e-03 1.027679443359375000e-02 -2.047119140625000000e-01
-6.454467773437500000e-03 1.027679443359375000e-02 -2.047119140625000000e-01
-5.493164062500000000e-03 1.027679443359375000e-02 -2.047119140625000000e-01
-4.531860351562500000e-03 1.027679443359375000e-02 -2.047119140625000000e-01
-3.589630126953125000e-03 1.033020019531250000e-02 -2.056884765625000000e-01
-2.622604370117187500e-03 1.033020019531250000e-02 -2.056884765625000000e-01
-1.665115356445312500e-03 1.038360595703125000e-02 -2.067871093750000000e-01
-6.971359252929687500e-04 1.042938232421875000e-02 -2.077636718750000000e-01
2.784729003906250000e-04 1.042938232421875000e-02 -2.077636718750000000e-01
-1.971435546875000000e-02 9.223937988281250000e-03 -2.027587890625000000e-01
-1.885986328125000000e-02 9.269714355468750000e-03 -2.037353515625000000e-01
-1.789855957031250000e-02 9.269714355468750000e-03 -2.037353515625000000e-01
-1.695251464843750000e-02 9.269714355468750000e-03 -2.037353515625000000e-01
-1.599121093750000000e-02 9.269714355468750000e-03 -2.037353515625000000e-01
-1.503753662109375000e-02 9.269714355468750000e-03 -2.037353515625000000e-01
-1.407623291015625000e-02 9.269714355468750000e-03 -2.037353515625000000e-01
-1.305389404296875000e-02 9.223937988281250000e-03 -2.027587890625000000e-01
-1.210784912109375000e-02 9.223937988281250000e-03 -2.027587890625000000e-01
-1.115417480468750000e-02 9.223937988281250000e-03 -2.027587890625000000e-01
-1.020050048828125000e-02 9.223937988281250000e-03 -2.027587890625000000e-01
-9.246826171875000000e-03 9.223937988281250000e-03 -2.027587890625000000e-01
-8.338928222656250000e-03 9.269714355468750000e-03 -2.037353515625000000e-01
-7.381439208984375000e-03 9.269714355468750000e-03 -2.037353515625000000e-01
-6.423950195312500000e-03 9.269714355468750000e-03 -2.037353515625000000e-01
-5.466461181640625000e-03 9.269714355468750000e-03 -2.037353515625000000e-01
-4.508972167968750000e-03 9.269714355468750000e-03 -2.037353515625000000e-01
-3.553390502929687500e-03 9.269714355468750000e-03 -2.037353515625000000e-01
-2.609252929687500000e-03 9.315490722656250000e-03 -2.047119140625000000e-01
-1.648902893066406250e-03 9.315490722656250000e-03 -2.047119140625000000e-01
-6.937980651855468750e-04 9.407043457031250000e-03 -2.067871093750000000e-01
2.784729003906250000e-04 9.452819824218750000e-03 -2.077636718750000000e-01
-1.971435546875000000e-02 8.277893066406250000e-03 -2.027587890625000000e-01
-1.876831054687500000e-02 8.277893066406250000e-03 -2.027587890625000000e-01
-1.782226562500000000e-02 8.277893066406250000e-03 -2.027587890625000000e-01
-1.686096191406250000e-02 8.277893066406250000e-03 -2.027587890625000000e-01
-1.591491699218750000e-02 8.277893066406250000e-03 -2.027587890625000000e-01
-1.496124267578125000e-02 8.277893066406250000e-03 -2.027587890625000000e-01
-1.407623291015625000e-02 8.316040039062500000e-03 -2.037353515625000000e-01
-1.305389404296875000e-02 8.277893066406250000e-03 -2.027587890625000000e-01
-1.210784912109375000e-02 8.277893066406250000e-03 -2.027587890625000000e-01
-1.115417480468750000e-02 8.277893066406250000e-03 -2.027587890625000000e-01
-1.020050048828125000e-02 8.277893066406250000e-03 -2.027587890625000000e-01
-9.246826171875000000e-03 8.277893066406250000e-03 -2.027587890625000000e-01
-8.293151855468750000e-03 8.277893066406250000e-03 -2.027587890625000000e-01
-7.343292236328125000e-03 8.277893066406250000e-03 -2.027587890625000000e-01
-6.393432617187500000e-03 8.277893066406250000e-03 -2.027587890625000000e-01
-5.439758300781250000e-03 8.277893066406250000e-03 -2.027587890625000000e-01
-4.489898681640625000e-03 8.277893066406250000e-03 -2.027587890625000000e-01
-3.536224365234375000e-03 8.277893066406250000e-03 -2.027587890625000000e-01
-2.597808837890625000e-03 8.316040039062500000e-03 -2.037353515625000000e-01
-1.632690429687500000e-03 8.277893066406250000e-03 -2.027587890625000000e-01
-6.804466247558593750e-04 8.277893066406250000e-03 -2.027587890625000000e-01
-2.056884765625000000e-02 7.286071777343750000e-03 -2.017822265625000000e-01
-1.962280273437500000e-02 7.286071777343750000e-03 -2.017822265625000000e-01
-1.867675781250000000e-02 7.286071777343750000e-03 -2.017822265625000000e-01
-1.782226562500000000e-02 7.324218750000000000e-03 -2.027587890625000000e-01
-1.678466796875000000e-02 7.286071777343750000e-03 -2.017822265625000000e-01
-1.583862304687500000e-02 7.286071777343750000e-03 -2.017822265625000000e-01
-1.488494873046875000e-02 7.286071777343750000e-03 -2.017822265625000000e-01
-1.299285888671875000e-02 7.286071777343750000e-03 -2.017822265625000000e-01
-1.204681396484375000e-02 7.286071777343750000e-03 -2.017822265625000000e-01
-1.110076904296875000e-02 7.286071777343750000e-03 -2.017822265625000000e-01
-1.014709472656250000e-02 7.286071777343750000e-03 -2.017822265625000000e-01
-9.201049804687500000e-03 7.286071777343750000e-03 -2.017822265625000000e-01
-8.255004882812500000e-03 7.286071777343750000e-03 -2.017822265625000000e-01
-7.308959960937500000e-03 7.286071777343750000e-03 -2.017822265625000000e-01
-6.362915039062500000e-03 7.286071777343750000e-03 -2.017822265625000000e-01
-5.413055419921875000e-03 7.286071777343750000e-03 -2.017822265625000000e-01
-4.467010498046875000e-03 7.286071777343750000e-03 -2.017822265625000000e-01
-3.536224365234375000e-03 7.324218750000000000e-03 -2.027587890625000000e-01
-2.584457397460937500e-03 7.324218750000000000e-03 -2.027587890625000000e-01
-1.632690429687500000e-03 7.324218750000000000e-03 -2.027587890625000000e-01
-6.804466247558593750e-04 7.324218750000000000e-03 -2.027587890625000000e-01
-2.340698242187500000e-02 6.340026855468750000e-03 -2.017822265625000000e-01
-2.246093750000000000e-02 6.340026855468750000e-03 -2.017822265625000000e-01
-2.151489257812500000e-02 6.340026855468750000e-03 -2.017822265625000000e-01
-2.056884765625000000e-02 6.340026855468750000e-03 -2.017822265625000000e-01
-1.962280273437500000e-02 6.340026855468750000e-03 -2.017822265625000000e-01
-1.867675781250000000e-02 6.340026855468750000e-03 -2.017822265625000000e-01
-1.678466796875000000e-02 6.340026855468750000e-03 -2.017822265625000000e-01
-1.583862304687500000e-02 6.340026855468750000e-03 -2.017822265625000000e-01
-1.488494873046875000e-02 6.340026855468750000e-03 -2.017822265625000000e-01
-1.387023925781250000e-02 6.309509277343750000e-03 -2.006835937500000000e-01
-1.299285888671875000e-02 6.340026855468750000e-03 -2.017822265625000000e-01
-1.204681396484375000e-02 6.340026855468750000e-03 -2.017822265625000000e-01
-1.110076904296875000e-02 6.340026855468750000e-03 -2.017822265625000000e-01
-1.014709472656250000e-02 6.340026855468750000e-03 -2.017822265625000000e-01
-9.201049804687500000e-03 6.340026855468750000e-03 -2.017822265625000000e-01
-8.255004882812500000e-03 6.340026855468750000e-03 -2.017822265625000000e-01
-7.308959960937500000e-03 6.340026855468750000e-03 -2.017822265625000000e-01
-6.362915039062500000e-03 6.340026855468750000e-03 -2.017822265625000000e-01
-5.413055419921875000e-03 6.340026855468750000e-03 -2.017822265625000000e-01
-4.467010498046875000e-03 6.340026855468750000e-03 -2.017822265625000000e-01
-3.519058227539062500e-03 6.340026855468750000e-03 -2.017822265625000000e-01
-2.571105957031250000e-03 6.340026855468750000e-03 -2.017822265625000000e-01
-1.624107360839843750e-03 6.340026855468750000e-03 -2.017822265625000000e-01
-6.771087646484375000e-04 6.340026855468750000e-03 -2.017822265625000000e-01
-2.436828613281250000e-02 5.393981933593750000e-03 -2.017822265625000000e-01
-2.340698242187500000e-02 5.393981933593750000e-03 -2.017822265625000000e-01
-2.246093750000000000e-02 5.393981933593750000e-03 -2.017822265625000000e-01
-2.151489257812500000e-02 5.393981933593750000e-03 -2.017822265625000000e-01
-2.056884765625000000e-02 5.393981933593750000e-03 -2.017822265625000000e-01
-1.962280273437500000e-02 5.393981933593750000e-03 -2.017822265625000000e-01
-1.867675781250000000e-02 5.393981933593750000e-03 -2.017822265625000000e-01
-1.763916015625000000e-02 5.367279052734375000e-03 -2.006835937500000000e-01
-1.669311523437500000e-02 5.367279052734375000e-03 -2.006835937500000000e-01
-1.574707031250000000e-02 5.367279052734375000e-03 -2.006835937500000000e-01
-1.481628417968750000e-02 5.367279052734375000e-03 -2.006835937500000000e-01
-1.387023925781250000e-02 5.367279052734375000e-03 -2.006835937500000000e-01
-1.293182373046875000e-02 5.367279052734375000e-03 -2.006835937500000000e-01
-1.198577880859375000e-02 5.367279052734375000e-03 -2.006835937500000000e-01
-1.103973388671875000e-02 5.367279052734375000e-03 -2.006835937500000000e-01
-1.010131835937500000e-02 5.367279052734375000e-03 -2.006835937500000000e-01
-9.155273437500000000e-03 5.367279052734375000e-03 -2.006835937500000000e-01
-8.216857910156250000e-03 5.367279052734375000e-03 -2.006835937500000000e-01
-7.270812988281250000e-03 5.367279052734375000e-03 -2.006835937500000000e-01
-6.328582763671875000e-03 5.367279052734375000e-03 -2.006835937500000000e-01
-5.413055419921875000e-03 5.393981933593750000e-03 -2.017822265625000000e-01
-4.467010498046875000e-03 5.393981933593750000e-03 -2.017822265625000000e-01
-3.519058227539062500e-03 5.393981933593750000e-03 -2.017822265625000000e-01
-2.571105957031250000e-03 5.393981933593750000e-03 -2.017822265625000000e-01
-1.624107360839843750e-03 5.393981933593750000e-03 -2.017822265625000000e-01
-6.771087646484375000e-04 5.393981933593750000e-03 -2.017822265625000000e-01
-2.436828613281250000e-02 4.444122314453125000e-03 -2.017822265625000000e-01
-2.340698242187500000e-02 4.444122314453125000e-03 -2.017822265625000000e-01
-2.246093750000000000e-02 4.444122314453125000e-03 -2.017822265625000000e-01
-2.151489257812500000e-02 4.444122314453125000e-03 -2.017822265625000000e-01
-2.056884765625000000e-02 4.444122314453125000e-03 -2.017822265625000000e-01
-1.962280273437500000e-02 4.444122314453125000e-03 -2.017822265625000000e-01
-1.867675781250000000e-02 4.444122314453125000e-03 -2.017822265625000000e-01
-1.763916015625000000e-02 4.421234130859375000e-03 -2.006835937500000000e-01
-1.669311523437500000e-02 4.421234130859375000e-03 -2.006835937500000000e-01
-1.574707031250000000e-02 4.421234130859375000e-03 -2.006835937500000000e-01
-1.481628417968750000e-02 4.421234130859375000e-03 -2.006835937500000000e-01
-1.387023925781250000e-02 4.421234130859375000e-03 -2.006835937500000000e-01
-1.293182373046875000e-02 4.421234130859375000e-03 -2.006835937500000000e-01
-1.198577880859375000e-02 4.421234130859375000e-03 -2.006835937500000000e-01
-1.103973388671875000e-02 4.421234130859375000e-03 -2.006835937500000000e-01
-1.010131835937500000e-02 4.421234130859375000e-03 -2.006835937500000000e-01
-9.155273437500000000e-03 4.421234130859375000e-03 -2.006835937500000000e-01
-8.216857910156250000e-03 4.421234130859375000e-03 -2.006835937500000000e-01
-7.270812988281250000e-03 4.421234130859375000e-03 -2.006835937500000000e-01
-6.328582763671875000e-03 4.421234130859375000e-03 -2.006835937500000000e-01
-5.386352539062500000e-03 4.421234130859375000e-03 -2.006835937500000000e-01
-4.444122314453125000e-03 4.421234130859375000e-03 -2.006835937500000000e-01
-3.519058227539062500e-03 4.444122314453125000e-03 -2.017822265625000000e-01
-2.571105957031250000e-03 4.444122314453125000e-03 -2.017822265625000000e-01
-1.624107360839843750e-03 4.444122314453125000e-03 -2.017822265625000000e-01
-6.771087646484375000e-04 4.444122314453125000e-03 -2.017822265625000000e-01
2.703666687011718750e-04 4.444122314453125000e-03 -2.017822265625000000e-01
-2.436828613281250000e-02 3.498077392578125000e-03 -2.017822265625000000e-01
-2.340698242187500000e-02 3.498077392578125000e-03 -2.017822265625000000e-01
-2.246093750000000000e-02 3.498077392578125000e-03 -2.017822265625000000e-01
-2.151489257812500000e-02 3.498077392578125000e-03 -2.017822265625000000e-01
-2.056884765625000000e-02 3.498077392578125000e-03 -2.017822265625000000e-01
-1.962280273437500000e-02 3.498077392578125000e-03 -2.017822265625000000e-01
-1.858520507812500000e-02 3.480911254882812500e-03 -2.006835937500000000e-01
-1.763916015625000000e-02 3.480911254882812500e-03 -2.006835937500000000e-01
-1.669311523437500000e-02 3.480911254882812500e-03 -2.006835937500000000e-01
-1.574707031250000000e-02 3.480911254882812500e-03 -2.006835937500000000e-01
-1.481628417968750000e-02 3.480911254882812500e-03 -2.006835937500000000e-01
-1.387023925781250000e-02 3.480911254882812500e-03 -2.006835937500000000e-01
-1.293182373046875000e-02 3.480911254882812500e-03 -2.006835937500000000e-01
-1.198577880859375000e-02 3.480911254882812500e-03 -2.006835937500000000e-01
-1.103973388671875000e-02 3.480911254882812500e-03 -2.006835937500000000e-01
-1.010131835937500000e-02 3.480911254882812500e-03 -2.006835937500000000e-01
-9.155273437500000000e-03 3.480911254882812500e-03 -2.006835937500000000e-01
-8.216857910156250000e-03 3.480911254882812500e-03 -2.006835937500000000e-01
-7.270812988281250000e-03 3.480911254882812500e-03 -2.006835937500000000e-01
-6.328582763671875000e-03 3.480911254882812500e-03 -2.006835937500000000e-01
-5.386352539062500000e-03 3.480911254882812500e-03 -2.006835937500000000e-01
-4.444122314453125000e-03 3.480911254882812500e-03 -2.006835937500000000e-01
-3.501892089843750000e-03 3.480911254882812500e-03 -2.006835937500000000e-01
-2.559661865234375000e-03 3.480911254882812500e-03 -2.006835937500000000e-01
-1.616477966308593750e-03 3.480911254882812500e-03 -2.006835937500000000e-01
-6.771087646484375000e-04 3.498077392578125000e-03 -2.017822265625000000e-01
2.703666687011718750e-04 3.498077392578125000e-03 -2.017822265625000000e-01
-2.436828613281250000e-02 2.550125122070312500e-03 -2.017822265625000000e-01
-2.340698242187500000e-02 2.550125122070312500e-03 -2.017822265625000000e-01
-2.246093750000000000e-02 2.550125122070312500e-03 -2.017822265625000000e-01
-2.151489257812500000e-02 2.550125122070312500e-03 -2.017822265625000000e-01
-2.056884765625000000e-02 2.550125122070312500e-03 -2.017822265625000000e-01
-1.962280273437500000e-02 2.550125122070312500e-03 -2.017822265625000000e-01
-1.858520507812500000e-02 2.538681030273437500e-03 -2.006835937500000000e-01
-1.763916015625000000e-02 2.538681030273437500e-03 -2.006835937500000000e-01
-1.669311523437500000e-02 2.538681030273437500e-03 -2.006835937500000000e-01
-1.574707031250000000e-02 2.538681030273437500e-03 -2.006835937500000000e-01
-1.481628417968750000e-02 2.538681030273437500e-03 -2.006835937500000000e-01
-1.387023925781250000e-02 2.538681030273437500e-03 -2.006835937500000000e-01
-1.293182373046875000e-02 2.538681030273437500e-03 -2.006835937500000000e-01
-1.198577880859375000e-02 2.538681030273437500e-03 -2.006835937500000000e-01
-1.103973388671875000e-02 2.538681030273437500e-03 -2.006835937500000000e-01
-1.010131835937500000e-02 2.538681030273437500e-03 -2.006835937500000000e-01
-9.155273437500000000e-03 2.538681030273437500e-03 -2.006835937500000000e-01
-8.216857910156250000e-03 2.538681030273437500e-03 -2.006835937500000000e-01
-7.270812988281250000e-03 2.538681030273437500e-03 -2.006835937500000000e-01
-6.328582763671875000e-03 2.538681030273437500e-03 -2.006835937500000000e-01
-5.386352539062500000e-03 2.538681030273437500e-03 -2.006835937500000000e-01
-4.444122314453125000e-03 2.538681030273437500e-03 -2.006835937500000000e-01
-3.519058227539062500e-03 2.550125122070312500e-03 -2.017822265625000000e-01
-2.559661865234375000e-03 2.538681030273437500e-03 -2.006835937500000000e-01
-1.616477966308593750e-03 2.538681030273437500e-03 -2.006835937500000000e-01
-6.771087646484375000e-04 2.550125122070312500e-03 -2.017822265625000000e-01
-2.436828613281250000e-02 1.603126525878906250e-03 -2.017822265625000000e-01
-2.340698242187500000e-02 1.603126525878906250e-03 -2.017822265625000000e-01
-2.246093750000000000e-02 1.603126525878906250e-03 -2.017822265625000000e-01
-2.151489257812500000e-02 1.603126525878906250e-03 -2.017822265625000000e-01
-2.056884765625000000e-02 1.603126525878906250e-03 -2.017822265625000000e-01
-1.962280273437500000e-02 1.603126525878906250e-03 -2.017822265625000000e-01
-1.867675781250000000e-02 1.603126525878906250e-03 -2.017822265625000000e-01
-1.763916015625000000e-02 1.595497131347656250e-03 -2.006835937500000000e-01
-1.669311523437500000e-02 1.595497131347656250e-03 -2.006835937500000000e-01
-1.574707031250000000e-02 1.595497131347656250e-03 -2.006835937500000000e-01
-1.481628417968750000e-02 1.595497131347656250e-03 -2.006835937500000000e-01
-1.387023925781250000e-02 1.595497131347656250e-03 -2.006835937500000000e-01
-1.293182373046875000e-02 1.595497131347656250e-03 -2.006835937500000000e-01
-1.198577880859375000e-02 1.595497131347656250e-03 -2.006835937500000000e-01
-1.103973388671875000e-02 1.595497131347656250e-03 -2.006835937500000000e-01
-1.010131835937500000e-02 1.595497131347656250e-03 -2.006835937500000000e-01
-9.155273437500000000e-03 1.595497131347656250e-03 -2.006835937500000000e-01
-8.216857910156250000e-03 1.595497131347656250e-03 -2.006835937500000000e-01
-7.270812988281250000e-03 1.595497131347656250e-03 -2.006835937500000000e-01
-6.362915039062500000e-03 1.603126525878906250e-03 -2.017822265625000000e-01
-5.413055419921875000e-03 1.603126525878906250e-03 -2.017822265625000000e-01
-4.467010498046875000e-03 1.603126525878906250e-03 -2.017822265625000000e-01
-3.519058227539062500e-03 1.603126525878906250e-03 -2.017822265625000000e-01
-2.571105957031250000e-03 1.603126525878906250e-03 -2.017822265625000000e-01
-1.624107360839843750e-03 1.603126525878906250e-03 -2.017822265625000000e-01
-6.771087646484375000e-04 1.603126525878906250e-03 -2.017822265625000000e-01
-2.436828613281250000e-02 6.561279296875000000e-04 -2.017822265625000000e-01
-2.340698242187500000e-02 6.561279296875000000e-04 -2.017822265625000000e-01
-2.246093750000000000e-02 6.561279296875000000e-04 -2.017822265625000000e-01
-2.151489257812500000e-02 6.561279296875000000e-04 -2.017822265625000000e-01
-2.056884765625000000e-02 6.561279296875000000e-04 -2.017822265625000000e-01
-1.962280273437500000e-02 6.561279296875000000e-04 -2.017822265625000000e-01
-1.867675781250000000e-02 6.561279296875000000e-04 -2.017822265625000000e-01
-1.773071289062500000e-02 6.561279296875000000e-04 -2.017822265625000000e-01
-1.678466796875000000e-02 6.561279296875000000e-04 -2.017822265625000000e-01
-1.583862304687500000e-02 6.561279296875000000e-04 -2.017822265625000000e-01
-1.488494873046875000e-02 6.561279296875000000e-04 -2.017822265625000000e-01
-1.387023925781250000e-02 6.527900695800781250e-04 -2.006835937500000000e-01
-1.293182373046875000e-02 6.527900695800781250e-04 -2.006835937500000000e-01
-1.198577880859375000e-02 6.527900695800781250e-04 -2.006835937500000000e-01
-1.110076904296875000e-02 6.561279296875000000e-04 -2.017822265625000000e-01
-1.014709472656250000e-02 6.561279296875000000e-04 -2.017822265625000000e-01
-9.201049804687500000e-03 6.561279296875000000e-04 -2.017822265625000000e-01
-8.255004882812500000e-03 6.561279296875000000e-04 -2.017822265625000000e-01
-7.308959960937500000e-03 6.561279296875000000e-04 -2.017822265625000000e-01
-6.362915039062500000e-03 6.561279296875000000e-04 -2.017822265625000000e-01
-5.413055419921875000e-03 6.561279296875000000e-04 -2.017822265625000000e-01
-4.467010498046875000e-03 6.561279296875000000e-04 -2.017822265625000000e-01
-3.519058227539062500e-03 6.561279296875000000e-04 -2.017822265625000000e-01
-2.571105957031250000e-03 6.561279296875000000e-04 -2.017822265625000000e-01
-1.624107360839843750e-03 6.561279296875000000e-04 -2.017822265625000000e-01
-6.771087646484375000e-04 6.561279296875000000e-04 -2.017822265625000000e-01
-2.436828613281250000e-02 -2.913475036621093750e-04 -2.017822265625000000e-01
-2.340698242187500000e-02 -2.913475036621093750e-04 -2.017822265625000000e-01
-2.246093750000000000e-02 -2.913475036621093750e-04 -2.017822265625000000e-01
-2.151489257812500000e-02 -2.913475036621093750e-04 -2.017822265625000000e-01
-2.056884765625000000e-02 -2.913475036621093750e-04 -2.017822265625000000e-01
-1.962280273437500000e-02 -2.913475036621093750e-04 -2.017822265625000000e-01
-1.867675781250000000e-02 -2.913475036621093750e-04 -2.017822265625000000e-01
-1.773071289062500000e-02 -2.913475036621093750e-04 -2.017822265625000000e-01
-1.678466796875000000e-02 -2.913475036621093750e-04 -2.017822265625000000e-01
-1.583862304687500000e-02 -2.913475036621093750e-04 -2.017822265625000000e-01
-1.488494873046875000e-02 -2.913475036621093750e-04 -2.017822265625000000e-01
-1.393890380859375000e-02 -2.913475036621093750e-04 -2.017822265625000000e-01
-1.299285888671875000e-02 -2.913475036621093750e-04 -2.017822265625000000e-01
-1.204681396484375000e-02 -2.913475036621093750e-04 -2.017822265625000000e-01
-1.110076904296875000e-02 -2.913475036621093750e-04 -2.017822265625000000e-01
-1.014709472656250000e-02 -2.913475036621093750e-04 -2.017822265625000000e-01
-9.201049804687500000e-03 -2.913475036621093750e-04 -2.017822265625000000e-01
-8.255004882812500000e-03 -2.913475036621093750e-04 -2.017822265625000000e-01
-7.308959960937500000e-03 -2.913475036621093750e-04 -2.017822265625000000e-01
-6.362915039062500000e-03 -2.913475036621093750e-04 -2.017822265625000000e-01
-5.439758300781250000e-03 -2.927780151367187500e-04 -2.027587890625000000e-01
-4.489898681640625000e-03 -2.927780151367187500e-04 -2.027587890625000000e-01
-3.536224365234375000e-03 -2.927780151367187500e-04 -2.027587890625000000e-01
-2.571105957031250000e-03 -2.911090850830078125e-04 -2.017822265625000000e-01
-2.340698242187500000e-02 -1.238822937011718750e-03 -2.017822265625000000e-01
-2.246093750000000000e-02 -1.238822937011718750e-03 -2.017822265625000000e-01
-2.151489257812500000e-02 -1.238822937011718750e-03 -2.017822265625000000e-01
-2.056884765625000000e-02 -1.238822937011718750e-03 -2.017822265625000000e-01
-1.962280273437500000e-02 -1.238822937011718750e-03 -2.017822265625000000e-01
-1.876831054687500000e-02 -1.244544982910156250e-03 -2.027587890625000000e-01
-1.782226562500000000e-02 -1.244544982910156250e-03 -2.027587890625000000e-01
-1.686096191406250000e-02 -1.244544982910156250e-03 -2.027587890625000000e-01
-1.591491699218750000e-02 -1.244544982910156250e-03 -2.027587890625000000e-01
-1.496124267578125000e-02 -1.244544982910156250e-03 -2.027587890625000000e-01
-1.393890380859375000e-02 -1.238822937011718750e-03 -2.017822265625000000e-01
-1.299285888671875000e-02 -1.238822937011718750e-03 -2.017822265625000000e-01
-1.210784912109375000e-02 -1.244544982910156250e-03 -2.027587890625000000e-01
-1.115417480468750000e-02 -1.244544982910156250e-03 -2.027587890625000000e-01
-1.020050048828125000e-02 -1.244544982910156250e-03 -2.027587890625000000e-01
-9.246826171875000000e-03 -1.244544982910156250e-03 -2.027587890625000000e-01
-8.293151855468750000e-03 -1.244544982910156250e-03 -2.027587890625000000e-01
-7.347106933593750000e-03 -1.244544982910156250e-03 -2.027587890625000000e-01
-6.393432617187500000e-03 -1.244544982910156250e-03 -2.027587890625000000e-01
-5.439758300781250000e-03 -1.244544982910156250e-03 -2.027587890625000000e-01
-4.489898681640625000e-03 -1.244544982910156250e-03 -2.027587890625000000e-01
-3.536224365234375000e-03 -1.244544982910156250e-03 -2.027587890625000000e-01
-2.597808837890625000e-03 -1.251220703125000000e-03 -2.037353515625000000e-01
-1.962280273437500000e-02 -2.185821533203125000e-03 -2.017822265625000000e-01
-1.876831054687500000e-02 -2.197265625000000000e-03 -2.027587890625000000e-01
-1.782226562500000000e-02 -2.197265625000000000e-03 -2.027587890625000000e-01
-1.686096191406250000e-02 -2.197265625000000000e-03 -2.027587890625000000e-01
-1.591491699218750000e-02 -2.197265625000000000e-03 -2.027587890625000000e-01
-1.496124267578125000e-02 -2.197265625000000000e-03 -2.027587890625000000e-01
-1.400756835937500000e-02 -2.197265625000000000e-03 -2.027587890625000000e-01
-1.305389404296875000e-02 -2.197265625000000000e-03 -2.027587890625000000e-01
-1.210784912109375000e-02 -2.197265625000000000e-03 -2.027587890625000000e-01
-1.115417480468750000e-02 -2.197265625000000000e-03 -2.027587890625000000e-01
-1.020050048828125000e-02 -2.197265625000000000e-03 -2.027587890625000000e-01
-9.246826171875000000e-03 -2.197265625000000000e-03 -2.027587890625000000e-01
-8.293151855468750000e-03 -2.197265625000000000e-03 -2.027587890625000000e-01
-7.381439208984375000e-03 -2.206802368164062500e-03 -2.037353515625000000e-01
-6.423950195312500000e-03 -2.206802368164062500e-03 -2.037353515625000000e-01
-5.466461181640625000e-03 -2.206802368164062500e-03 -2.037353515625000000e-01
-4.508972167968750000e-03 -2.206802368164062500e-03 -2.037353515625000000e-01
-3.553390502929687500e-03 -2.206802368164062500e-03 -2.037353515625000000e-01
-1.656532287597656250e-03 -2.229690551757812500e-03 -2.056884765625000000e-01
-1.982116699218750000e-02 -3.164291381835937500e-03 -2.037353515625000000e-01
-1.885986328125000000e-02 -3.164291381835937500e-03 -2.037353515625000000e-01
-1.789855957031250000e-02 -3.164291381835937500e-03 -2.037353515625000000e-01
-1.695251464843750000e-02 -3.164291381835937500e-03 -2.037353515625000000e-01
-1.599121093750000000e-02 -3.164291381835937500e-03 -2.037353515625000000e-01
-1.503753662109375000e-02 -3.164291381835937500e-03 -2.037353515625000000e-01
-1.407623291015625000e-02 -3.164291381835937500e-03 -2.037353515625000000e-01
-1.312255859375000000e-02 -3.164291381835937500e-03 -2.037353515625000000e-01
-1.216888427734375000e-02 -3.164291381835937500e-03 -2.037353515625000000e-01
-1.120758056640625000e-02 -3.164291381835937500e-03 -2.037353515625000000e-01
-1.025390625000000000e-02 -3.164291381835937500e-03 -2.037353515625000000e-01
-9.292602539062500000e-03 -3.164291381835937500e-03 -2.037353515625000000e-01
-8.338928222656250000e-03 -3.164291381835937500e-03 -2.037353515625000000e-01
-7.381439208984375000e-03 -3.164291381835937500e-03 -2.037353515625000000e-01
-6.423950195312500000e-03 -3.164291381835937500e-03 -2.037353515625000000e-01
-5.493164062500000000e-03 -3.179550170898437500e-03 -2.047119140625000000e-01
-4.531860351562500000e-03 -3.179550170898437500e-03 -2.047119140625000000e-01
-3.572463989257812500e-03 -3.179550170898437500e-03 -2.047119140625000000e-01
-2.622604370117187500e-03 -3.194808959960937500e-03 -2.056884765625000000e-01
-1.656532287597656250e-03 -3.194808959960937500e-03 -2.056884765625000000e-01
-2.001953125000000000e-02 -4.161834716796875000e-03 -2.056884765625000000e-01
-1.895141601562500000e-02 -4.142761230468750000e-03 -2.047119140625000000e-01
-1.799011230468750000e-02 -4.142761230468750000e-03 -2.047119140625000000e-01
-1.702880859375000000e-02 -4.142761230468750000e-03 -2.047119140625000000e-01
-1.606750488281250000e-02 -4.142761230468750000e-03 -2.047119140625000000e-01
-1.511383056640625000e-02 -4.142761230468750000e-03 -2.047119140625000000e-01
-1.414489746093750000e-02 -4.142761230468750000e-03 -2.047119140625000000e-01
-1.318359375000000000e-02 -4.142761230468750000e-03 -2.047119140625000000e-01
-1.222229003906250000e-02 -4.142761230468750000e-03 -2.047119140625000000e-01
-1.126098632812500000e-02 -4.142761230468750000e-03 -2.047119140625000000e-01
-1.029968261718750000e-02 -4.142761230468750000e-03 -2.047119140625000000e-01
-9.338378906250000000e-03 -4.142761230468750000e-03 -2.047119140625000000e-01
-8.377075195312500000e-03 -4.142761230468750000e-03 -2.047119140625000000e-01
-7.419586181640625000e-03 -4.142761230468750000e-03 -2.047119140625000000e-01
-6.454467773437500000e-03 -4.142761230468750000e-03 -2.047119140625000000e-01
-5.493164062500000000e-03 -4.142761230468750000e-03 -2.047119140625000000e-01
-4.554748535156250000e-03 -4.161834716796875000e-03 -2.056884765625000000e-01
-3.589630126953125000e-03 -4.161834716796875000e-03 -2.056884765625000000e-01
-2.622604370117187500e-03 -4.161834716796875000e-03 -2.056884765625000000e-01
-1.656532287597656250e-03 -4.161834716796875000e-03 -2.056884765625000000e-01
-2.001953125000000000e-02 -5.126953125000000000e-03 -2.056884765625000000e-01
-1.904296875000000000e-02 -5.126953125000000000e-03 -2.056884765625000000e-01
-1.808166503906250000e-02 -5.126953125000000000e-03 -2.056884765625000000e-01
-1.712036132812500000e-02 -5.126953125000000000e-03 -2.056884765625000000e-01
-1.614379882812500000e-02 -5.126953125000000000e-03 -2.056884765625000000e-01
-1.518249511718750000e-02 -5.126953125000000000e-03 -2.056884765625000000e-01
-1.422119140625000000e-02 -5.126953125000000000e-03 -2.056884765625000000e-01
-1.318359375000000000e-02 -5.104064941406250000e-03 -2.047119140625000000e-01
-1.222229003906250000e-02 -5.104064941406250000e-03 -2.047119140625000000e-01
-1.126098632812500000e-02 -5.104064941406250000e-03 -2.047119140625000000e-01
-1.029968261718750000e-02 -5.104064941406250000e-03 -2.047119140625000000e-01
-9.338378906250000000e-03 -5.104064941406250000e-03 -2.047119140625000000e-01
-8.415222167968750000e-03 -5.126953125000000000e-03 -2.056884765625000000e-01
-7.453918457031250000e-03 -5.126953125000000000e-03 -2.056884765625000000e-01
-6.488800048828125000e-03 -5.126953125000000000e-03 -2.056884765625000000e-01
-5.519866943359375000e-03 -5.126953125000000000e-03 -2.056884765625000000e-01
-4.554748535156250000e-03 -5.126953125000000000e-03 -2.056884765625000000e-01
-3.589630126953125000e-03 -5.126953125000000000e-03 -2.056884765625000000e-01
-2.622604370117187500e-03 -5.126953125000000000e-03 -2.056884765625000000e-01
-1.656532287597656250e-03 -5.126953125000000000e-03 -2.056884765625000000e-01
-2.011108398437500000e-02 -6.122589111328125000e-03 -2.067871093750000000e-01
-1.904296875000000000e-02 -6.095886230468750000e-03 -2.056884765625000000e-01
-1.808166503906250000e-02 -6.095886230468750000e-03 -2.056884765625000000e-01
-1.712036132812500000e-02 -6.095886230468750000e-03 -2.056884765625000000e-01
-1.614379882812500000e-02 -6.095886230468750000e-03 -2.056884765625000000e-01
-1.518249511718750000e-02 -6.095886230468750000e-03 -2.056884765625000000e-01
-1.422119140625000000e-02 -6.095886230468750000e-03 -2.056884765625000000e-01
-1.325225830078125000e-02 -6.095886230468750000e-03 -2.056884765625000000e-01
-1.228332519531250000e-02 -6.095886230468750000e-03 -2.056884765625000000e-01
-1.132202148437500000e-02 -6.095886230468750000e-03 -2.056884765625000000e-01
-1.035308837890625000e-02 -6.095886230468750000e-03 -2.056884765625000000e-01
-9.384155273437500000e-03 -6.095886230468750000e-03 -2.056884765625000000e-01
-8.415222167968750000e-03 -6.095886230468750000e-03 -2.056884765625000000e-01
-7.453918457031250000e-03 -6.095886230468750000e-03 -2.056884765625000000e-01
-6.488800048828125000e-03 -6.095886230468750000e-03 -2.056884765625000000e-01
-5.519866943359375000e-03 -6.095886230468750000e-03 -2.056884765625000000e-01
-4.554748535156250000e-03 -6.095886230468750000e-03 -2.056884765625000000e-01
-3.606796264648437500e-03 -6.122589111328125000e-03 -2.067871093750000000e-01
-2.635955810546875000e-03 -6.122589111328125000e-03 -2.067871093750000000e-01
-2.011108398437500000e-02 -7.095336914062500000e-03 -2.067871093750000000e-01
-1.913452148437500000e-02 -7.095336914062500000e-03 -2.067871093750000000e-01
-1.817321777343750000e-02 -7.095336914062500000e-03 -2.067871093750000000e-01
-1.719665527343750000e-02 -7.095336914062500000e-03 -2.067871093750000000e-01
-1.622009277343750000e-02 -7.095336914062500000e-03 -2.067871093750000000e-01
-1.525878906250000000e-02 -7.095336914062500000e-03 -2.067871093750000000e-01
-1.428985595703125000e-02 -7.095336914062500000e-03 -2.067871093750000000e-01
-1.331329345703125000e-02 -7.095336914062500000e-03 -2.067871093750000000e-01
-1.228332519531250000e-02 -7.061004638671875000e-03 -2.056884765625000000e-01
-1.132202148437500000e-02 -7.061004638671875000e-03 -2.056884765625000000e-01
-1.035308837890625000e-02 -7.061004638671875000e-03 -2.056884765625000000e-01
-9.384155273437500000e-03 -7.061004638671875000e-03 -2.056884765625000000e-01
-8.415222167968750000e-03 -7.061004638671875000e-03 -2.056884765625000000e-01
-7.453918457031250000e-03 -7.061004638671875000e-03 -2.056884765625000000e-01
-6.488800048828125000e-03 -7.061004638671875000e-03 -2.056884765625000000e-01
-5.546569824218750000e-03 -7.095336914062500000e-03 -2.067871093750000000e-01
-4.577636718750000000e-03 -7.095336914062500000e-03 -2.067871093750000000e-01
-3.606796264648437500e-03 -7.095336914062500000e-03 -2.067871093750000000e-01
-1.728820800781250000e-02 -8.102416992187500000e-03 -2.077636718750000000e-01
-1.622009277343750000e-02 -8.064270019531250000e-03 -2.067871093750000000e-01
-1.525878906250000000e-02 -8.064270019531250000e-03 -2.067871093750000000e-01
-1.428985595703125000e-02 -8.064270019531250000e-03 -2.067871093750000000e-01
-1.331329345703125000e-02 -8.064270019531250000e-03 -2.067871093750000000e-01
-1.234436035156250000e-02 -8.064270019531250000e-03 -2.067871093750000000e-01
-1.035308837890625000e-02 -8.026123046875000000e-03 -2.056884765625000000e-01
-9.384155273437500000e-03 -8.026123046875000000e-03 -2.056884765625000000e-01
-8.415222167968750000e-03 -8.026123046875000000e-03 -2.056884765625000000e-01
-7.492065429687500000e-03 -8.064270019531250000e-03 -2.067871093750000000e-01
-5.546569824218750000e-03 -8.064270019531250000e-03 -2.067871093750000000e-01
-1.533508300781250000e-02 -9.078979492187500000e-03 -2.077636718750000000e-01
-1.428985595703125000e-02 -9.033203125000000000e-03 -2.067871093750000000e-01
